station_m	X_ref_m	Y_ref_m	psi_ref_rad	curvature_1pm	local_speed_limit_mps	vx_ref_mps	yaw_rate_ref_radps
0	0	0	0	0	18	18	0
0.25	0.25	0	0	0	18	18	0
0.5	0.5	0	0	0	18	18	0
0.75	0.75	0	0	0	18	18	0
1	1	0	0	0	18	18	0
1.25	1.25	0	0	0	18	18	0
1.5	1.5	0	0	0	18	18	0
1.75	1.75	0	0	0	18	18	0
2	2	0	0	0	18	18	0
2.25	2.25	0	0	0	18	18	0
2.5	2.5	0	0	0	18	18	0
2.75	2.75	0	0	0	18	18	0
3	3	0	0	0	18	18	0
3.25	3.25	0	0	0	18	18	0
3.5	3.5	0	0	0	18	18	0
3.75	3.75	0	0	0	18	18	0
4	4	0	0	0	18	18	0
4.25	4.25	0	0	0	18	18	0
4.5	4.5	0	0	0	18	18	0
4.75	4.75	0	0	0	18	18	0
5	5	0	0	0	18	18	0
5.25	5.25	0	0	0	18	18	0
5.5	5.5	0	0	0	18	18	0
5.75	5.75	0	0	0	18	18	0
6	6	0	0	0	18	18	0
6.25	6.25	0	0	0	18	18	0
6.5	6.5	0	0	0	18	18	0
6.75	6.75	0	0	0	18	18	0
7	7	0	0	0	18	18	0
7.25	7.25	0	0	0	18	18	0
7.5	7.5	0	0	0	18	18	0
7.75	7.75	0	0	0	18	18	0
8	8	0	0	0	18	18	0
8.25	8.25	0	0	0	18	18	0
8.5	8.5	0	0	0	18	18	0
8.75	8.75	0	0	0	18	18	0
9	9	0	0	0	18	18	0
9.25	9.25	0	0	0	18	18	0
9.5	9.5	0	0	0	18	18	0
9.75	9.75	0	0	0	18	18	0
10	10	0	0	0	18	18	0
10.25	10.25	0	0	0	18.000016930027	18.000016930027	0
10.5	10.5	0	0	0	18.0001341680908	18.0001341680908	0
10.75	10.75	0	0	0	18.0004485455132	18.0004485455132	0
11	11	0	0	0	18.0010531445313	18.0010531445313	0
11.25	11.25	0	0	0	18.0020373463631	18.0020373463631	0
11.5	11.5	0	0	0	18.0034868792725	18.0034868792725	0
11.75	11.75	0	0	0	18.0054838666344	18.0054838666344	0
12	12	0	0	0	18.008106875	18.008106875	0
12.25	12.25	0	0	0	18.011430962162	18.0110227253464	0
12.5	12.5	0	0	0	18.0155277252197	18.013937699988	0
12.75	12.75	0	0	0	18.0204653486443	18.016851799406	0
13	13	0	0	0	18.0263086523438	18.0197650240806	0
13.25	13.25	0	0	0	18.0331191397285	18.0226773744921	0
13.5	13.5	0	0	0	18.0409550457764	18.0255888511201	0
13.75	13.75	0	0	0	18.0498713850975	18.0284994544436	0
14	14	0	0	0	18.05992	18.0314091849414	0
14.25	14.25	0	0	0	18.0711496085548	18.0343180430919	0
14.5	14.5	0	0	0	18.0836058526611	18.0372260293727	0
14.75	14.75	0	0	0	18.0973313461113	18.0401331442614	0
15	15	0	0	0	18.1123657226562	18.0430393882349	0
15.25	15.25	0	0	0	18.1287456840706	18.0459447617697	0
15.5	15.5	0	0	0	18.1465050482178	18.0488492653418	0
15.75	15.75	0	0	0	18.1656747971153	18.0517528994269	0
16	16	0	0	0	18.186283125	18.0546556645002	0
16.25	16.25	0	0	0	18.208355486393	18.0575575610365	0
16.5	16.5	0	0	0	18.231914644165	18.06045858951	0
16.75	16.75	0	0	0	18.2569807176018	18.0633587503946	0
17	17	0	0	0	18.2835712304687	18.0662580441638	0
17.25	17.25	0	0	0	18.3117011590767	18.0691564712906	0
17.5	17.5	0	0	0	18.3413829803467	18.0720540322475	0
17.75	17.75	0	0	0	18.3726267198753	18.0749507275067	0
18	18	0	0	0	18.40544	18.0778465575398	0
18.25	18.25	0	0	0	18.4398280878639	18.0807415228182	0
18.5	18.5	0	0	0	18.4757939434814	18.0836356238127	0
18.75	18.75	0	0	0	18.5133382678032	18.0865288609936	0
19	19	0	0	0	18.5524595507813	18.089421234831	0
19.25	19.25	0	0	0	18.5931541194344	18.0923127457943	0
19.5	19.5	0	0	0	18.6354161859131	18.0952033943527	0
19.75	19.75	0	0	0	18.679237895565	18.0980931809748	0
20	20	0	0	0	18.724609375	18.1009821061289	0
20.25	20.25	0	0	0	18.7715187801552	18.1038701702827	0
20.5	20.5	0	0	0	18.8199523443604	18.1067573739038	0
20.75	20.75	0	0	0	18.869894426403	18.1096437174589	0
21	21	0	0	0	18.9213275585937	18.1125292014147	0
21.25	21.25	0	0	0	18.9742324948311	18.1154138262373	0
21.5	21.5	0	0	0	19.028588258667	18.1182975923923	0
21.75	21.75	0	0	0	19.0843721913719	18.1211805003449	0
22	22	0	0	0	19.14156	18.12406255056	0
22.25	22.25	0	0	0	19.2001258054543	18.126943743502	0
22.5	22.5	0	0	0	19.2600421905518	18.1298240796348	0
22.75	22.75	0	0	0	19.3212802480888	18.1327035594221	0
23	23	0	0	0	19.3838096289062	18.1355821833268	0
23.25	23.25	0	0	0	19.4475985899544	18.1384599518118	0
23.5	23.5	0	0	0	19.5126140423584	18.1413368653392	0
23.75	23.75	0	0	0	19.5788215994835	18.144212924371	0
24	24	0	0	0	19.646185625	18.1470881293686	0
24.25	24.25	0	0	0	19.7146692809486	18.149962480793	0
24.5	24.5	0	0	0	19.7842345758057	18.1528359791048	0
24.75	24.75	0	0	0	19.8548424125481	18.1557086247642	0
25	25	0	0	0	19.9264526367188	18.1585804182309	0
25.25	25.25	0	0	0	19.9990240844917	18.1614513599642	0
25.5	25.5	0	0	0	20.0725146307373	18.1643214504232	0
25.75	25.75	0	0	0	20.1468812370872	18.1671906900662	0
26	26	0	0	0	20.22208	18.1700590793513	0
26.25	26.25	0	0	0	20.2980661988258	18.1729266187364	0
26.5	26.5	0	0	0	20.3747943438721	18.1757933086785	0
26.75	26.75	0	0	0	20.4522182244682	18.1786591496345	0
27	27	0	0	0	20.5302909570313	18.1815241420609	0
27.25	27.25	0	0	0	20.6089650331306	18.1843882864137	0
27.5	27.5	0	0	0	20.6881923675537	18.1872515831484	0
27.75	27.75	0	0	0	20.7679243463707	18.1901140327202	0
28	28	0	0	0	20.848111875	18.192975635584	0
28.25	28.25	0	0	0	20.9287054262733	18.195836392194	0
28.5	28.5	0	0	0	21.009655088501	18.1986963030043	0
28.75	28.75	0	0	0	21.0909106135368	18.2015553684683	0
29	29	0	0	0	21.1724214648438	18.2044135890392	0
29.25	29.25	0	0	0	21.2541368655586	18.2072709651696	0
29.5	29.5	0	0	0	21.3360058465576	18.210127497312	0
29.75	29.75	0	0	0	21.4179772945213	18.2129831859182	0
30	30	0	0	0	21.5	18.2158380314397	0
30.25	30.25	0	0	0	21.5820227054787	18.2186920343275	0
30.5	30.5	0	0	0	21.6639941534424	18.2215451950324	0
30.75	30.75	0	0	0	21.7458631344414	18.2243975140046	0
31	31	0	0	0	21.8275785351562	18.227248991694	0
31.25	31.25	0	0	0	21.9090893864632	18.2300996285501	0
31.5	31.5	0	0	0	21.990344911499	18.2329494250218	0
31.75	31.75	0	0	0	22.0712945737267	18.2357983815578	0
32	32	0	0	0	22.151888125	18.2386464986065	0
32.25	32.25	0	0	0	22.2320756536293	18.2414937766155	0
32.5	32.5	0	0	0	22.3118076324463	18.2443402160324	0
32.75	32.75	0	0	0	22.3910349668694	18.2471858173042	0
33	33	0	0	0	22.4697090429688	18.2500305808776	0
33.25	33.25	0	0	0	22.5477817755318	18.2528745071986	0
33.5	33.5	0	0	0	22.6252056561279	18.2557175967133	0
33.75	33.75	0	0	0	22.7019338011742	18.258559849867	0
34	34	0	0	0	22.77792	18.2614012671047	0
34.25	34.25	0	0	0	22.8531187629128	18.2642418488711	0
34.5	34.5	0	0	0	22.9274853692627	18.2670815956104	0
34.75	34.75	0	0	0	23.0009759155083	18.2699205077665	0
35	35	0	0	0	23.0735473632812	18.2727585857827	0
35.25	35.25	0	0	0	23.1451575874519	18.2755958301022	0
35.5	35.5	0	0	0	23.2157654241943	18.2784322411675	0
35.75	35.75	0	0	0	23.2853307190514	18.281267819421	0
36	36	0	0	0	23.353814375	18.2841025653043	0
36.25	36.25	0	0	0	23.4211784005165	18.2869364792591	0
36.5	36.5	0	0	0	23.4873859576416	18.2897695617264	0
36.75	36.75	0	0	0	23.5524014100456	18.2926018131468	0
37	37	0	0	0	23.6161903710938	18.2954332339607	0
37.25	37.25	0	0	0	23.6787197519112	18.2982638246078	0
37.5	37.5	0	0	0	23.7399578094482	18.3010935855277	0
37.75	37.75	0	0	0	23.7998741945457	18.3039225171595	0
38	38	0	0	0	23.85844	18.3067506199418	0
38.25	38.25	0	0	0	23.9156278086281	18.3095778943131	0
38.5	38.5	0	0	0	23.971411741333	18.3124043407111	0
38.75	38.75	0	0	0	24.0257675051689	18.3152299595735	0
39	39	0	0	0	24.0786724414062	18.3180547513374	0
39.25	39.25	0	0	0	24.1301055735969	18.3208787164395	0
39.5	39.5	0	0	0	24.1800476556397	18.3237018553162	0
39.75	39.75	0	0	0	24.2284812198448	18.3265241684035	0
40	40	0	0	0	24.275390625	18.3293456561369	0
40.25	40.25	0	0	0	24.320762104435	18.3321663189517	0
40.5	40.5	0	0	0	24.3645838140869	18.3349861572827	0
40.75	40.75	0	0	0	24.4068458805656	18.3378051715643	0
41	41	0	0	0	24.4475404492188	18.3406233622305	0
41.25	41.25	0	0	0	24.4866617321968	18.343440729715	0
41.5	41.5	0	0	0	24.5242060565186	18.3462572744511	0
41.75	41.75	0	0	0	24.5601719121361	18.3490729968716	0
42	42	0	0	0	24.59456	18.3518878974092	0
42.25	42.25	0	0	0	24.6273732801247	18.3547019764958	0
42.5	42.5	0	0	0	24.6586170196533	18.3575152345632	0
42.75	42.75	0	0	0	24.6882988409233	18.3603276720428	0
43	43	0	0	0	24.7164287695313	18.3631392893656	0
43.25	43.25	0	0	0	24.7430192823982	18.3659500869621	0
43.5	43.5	0	0	0	24.768085355835	18.3687600652625	0
43.75	43.75	0	0	0	24.791644513607	18.3715692246968	0
44	44	0	0	0	24.813716875	18.3743775656943	0
44.25	44.25	0	0	0	24.8343252028847	18.3771850886841	0
44.5	44.5	0	0	0	24.8534949517822	18.3799917940949	0
44.75	44.75	0	0	0	24.8712543159294	18.382797682355	0
45	45	0	0	0	24.8876342773438	18.3856027538924	0
45.25	45.25	0	0	0	24.9026686538887	18.3884070091346	0
45.5	45.5	0	0	0	24.9163941473389	18.3912104485088	0
45.75	45.75	0	0	0	24.9288503914452	18.3940130724419	0
46	46	0	0	0	24.94008	18.3968148813601	0
46.25	46.25	0	0	0	24.9501286149025	18.3996158756897	0
46.5	46.5	0	0	0	24.9590449542236	18.4024160558562	0
46.75	46.75	0	0	0	24.9668808602715	18.405215422285	0
47	47	0	0	0	24.9736913476562	18.408013975401	0
47.25	47.25	0	0	0	24.9795346513557	18.4108117156288	0
47.5	47.5	0	0	0	24.9844722747803	18.4136086433925	0
47.75	47.75	0	0	0	24.988569037838	18.416404759116	0
48	48	0	0	0	24.991893125	18.4192000632227	0
48.25	48.25	0	0	0	24.9945161333656	18.4088532190498	0
48.5	48.5	0	0	0	24.9965131207275	18.395509588504	0
48.75	48.75	0	0	0	24.9979626536369	18.382158121558	0
49	49	0	0	0	24.9989468554687	18.3687988008676	0
49.25	49.25	0	0	0	24.9995514544868	18.3554316090282	0
49.5	49.5	0	0	0	24.9998658319092	18.3420565285743	0
49.75	49.75	0	0	3.38600539272037e-05	24.999983069973	18.3286735419793	0.000620609874545531
50	50	0	1.69300269636018e-05	0.000268336171487143	25	18.3152826316553	0.00491465282108334
50.25	50.249999999744	8.46501347827546e-06	0.000134168085743571	0.000829370755013376	25	18.3018837799524	0.0151790471687462
50.5	50.4999999919445	6.70840421935228e-05	0.00043161540447029	0.00156961554197946	25	18.2884769691591	0.0287058776899256
50.75	50.749999940059	0.000224272703353542	0.000918975856733303	0.00231436563577663	25	18.2750621815012	0.0422951759045474
51	50.9999997526386	0.000526571879992225	0.0015887982223586	0.00302950019757041	25	18.261639399142	0.0553236401676603
51.25	51.249999260924	0.0010186714039527	0.00243372595551851	0.0037153962494302	25	18.2482086041819	0.0677993258067974
51.5	51.4999981997521	0.00174343348095165	0.0034464963470737	0.00437242731131903	25	18.2347697786581	0.0797302053958197
51.75	51.7499961915746	0.00274191582208598	0.00461993961117803	0.00500096321484289	25	18.2213229045442	0.0911241655713995
52	51.9999927333988	0.00405339446682249	0.00594697795449515	0.00560137013182406	25	18.2078679637497	0.101989007776344
52.25	52.2499871864668	0.00571538630003274	0.00742062467709005	0.00617401078214764	25	18.1944049381203	0.112332452262715
52.5	52.4999787684951	0.0077636712802691	0.00903398334556897	0.00671924478843413	25	18.180933809437	0.122162144747925
52.75	52.7499665483044	0.0102323144084703	0.0107802470713071	0.0072374291480093	25	18.1674545594159	0.131485665173451
53	52.9999494426725	0.0131536874758831	0.0126526979195736	0.00772891879536455	25	18.153967169708	0.140310538068387
53.25	53.2499262152522	0.0165584906373983	0.0146447064689894	0.00819406723085144	25	18.1404716218989	0.148644244069193
53.5	53.4998954773982	0.0204757738619383	0.0167497315349993	0.00863322719375664	25	18.1269678975084	0.156494232193123
53.75	53.749855690752	0.0249329583151919	0.0189613200658677	0.00904675136014129	25	18.1134559779901	0.163867932505741
54	53.9998051714418	0.0299558577320534	0.02127310721507	0.00943499304796133	25	18.0999358447311	0.170772768863584
54.25	54.2497420957529	0.0355686998367411	0.0236788165898484	0.00979830691396432	25	18.0864074790518	0.177216171450769
54.5	54.4996645071347	0.0417941478679394	0.0261722606720521	0.0101370496287372	25	18.0728708622055	0.183205588863935
54.75	54.749570324408	0.0486533222645449	0.028747341404217	0.0104515805180886	25	18.0593259753779	0.188748499534071
55	54.9994573510458	0.0561658225648613	0.0313980509310964	0.0107422621606051	25	18.045772799687	0.193852422304956
55.25	55.2493232854004	0.0643497495685323	0.0341184724845195	0.0110094609328294	25	18.0322113161827	0.198524926018038
55.5	55.4991657317563	0.0732217278062109	0.0369027813975111	0.0112535474950232	25	18.0186415058463	0.202773637981837
55.75	55.7489822120903	0.0827969283571152	0.0397452462320311	0.0114748972118995	25	18.0050633495902	0.206606251230287
56	55.9987701784244	0.0930890920492942	0.0426402300034609	0.0116738905040794	25	17.9914768282579	0.210030530499764
56.25	56.2485270256624	0.104110553071748	0.0455821914840708	0.0118509131272732	25	17.9778819226231	0.213054316877382
56.5	56.4982501048038	0.11587226302161	0.0485656865670975	0.0120063563773758	25	17.9642786133897	0.215685531094827
56.75	56.7479367364326	0.128383815403531	0.0515853696727587	0.0121406172208167	25	17.9506668811914	0.217932175462937
57	56.9975842243836	0.141653470592238	0.0546359951775058	0.0122540983504909	25	17.9370467065913	0.219802334459919
57.25	57.2471898694935	0.155688181263155	0.0577124188480042	0.0123472081685438	25	17.9234180700815	0.221304174003137
57.5	57.496750983348	0.170493618289928	0.0608095992617778	0.0124203606981658	25	17.9097809520828	0.222445939450008
57.75	57.7462649019403	0.186074197101898	0.0639225991970871	0.0124739754273389	25	17.8961353329443	0.223235952387478
58	57.9957289991629	0.202433104488923	0.0670465869754472	0.0125084770881123	25	17.882481192943	0.223682606280527
58.25	58.2451407000581	0.219572325835723	0.0701768377411432	0.0125242953756015	25	17.8711847649467	0.223823996708141
58.5	58.4944974937581	0.237492672762894	0.073308734663248	0.0125218646114888	25	17.8729192720644	0.223802275336859
58.75	58.7437969460507	0.256193811147269	0.0764377700468876	0.0125016233571154	25	17.8758759640135	0.223477468480609
59	58.9930367115119	0.275674289490124	0.0795595463418057	0.0124640139816514	25	17.8788317576235	0.222842009002613
59.25	59.2422145451522	0.295931567598065	0.0826697770377133	0.0124094821911279	25	17.8817866533967	0.221903713020874
59.5	59.4913283135272	0.316962045538289	0.0857642874373696	0.0123384765241941	25	17.8847406518347	0.220670452673963
59.75	59.7403760052702	0.33876109282715	0.0888390152998104	0.0122514478206253	25	17.8876937534387	0.21915014665158
60	59.9893557410085	0.361323077808808	0.0918900113476823	0.0121488486686462	25	17.8906459587096	0.21735075033669
60.25	60.2382657826299	0.384641397179036	0.0949134396341335	0.0120311328370136	25	17.8935972681474	0.215280245665105
60.5	60.4871045418724	0.408708505608045	0.0979055777661891	0.0118987546977795	25	17.8965476822521	0.212946630808231
60.75	60.7358705882123	0.433515945415501	0.100862816983023	0.0117521686454591	25	17.8994972015229	0.21035790978122
61	60.9845626560337	0.45905437625063	0.103781662088919	0.0115918285180521	25	17.9024458264587	0.207522082074027
61.25	61.2331796510642	0.485313604730571	0.106658731242049	0.0114181870252414	25	17.905393557558	0.204447132400749
61.5	61.4817206560675	0.512282613990732	0.109490755601539	0.0112316951886504	25	17.9083403953185	0.201141020654813
61.75	61.7301849357868	0.539949593101975	0.112274578836375	0.0110328017987547	25	17.9112863402378	0.197611672152586
62	61.9785719411377	0.568301966310875	0.115007156500917	0.0108219528928102	25	17.9142313928128	0.193866968243922
62.25	62.2268813126515	0.59732642206107	0.11768555528278	0.0105995905778807	25	17.91717555354	0.189914725179538
62.5	62.4751128831747	0.62700894175576	0.120306951789857	0.0103661529935052	25	17.9201188229155	0.185762693380134
62.75	62.7232666798341	0.657334828052836	0.122868631779532	0.0101220763045059	25	17.9230612014348	0.181418593091252
63	62.9713429252786	0.688288733108588	0.12536798994211	0.00986779261561388	25	17.926002689593	0.176890076967841
63.25	63.2193420382039	0.719854686618538	0.127802528087339	0.00960372677977411	25	17.9289432878849	0.172184672786911
63.5	63.4672646331837	0.752016122989893	0.130169853331997	0.00933029813736141	25	17.9318829968044	0.167309814524467
63.75	63.7151115198239	0.784755908300677	0.13246767715602	0.00904792130326021	25	17.9348218168455	0.162272856386812
64	63.9628837012594	0.818056366818034	0.134693813983627	0.00875700510001864	25	17.9377597485012	0.157081053600535
64.25	64.2105823720148	0.851899307055458	0.136846179706029	0.00845795234800156	25	17.9406967922645	0.151741558558918
64.5	64.4582089152505	0.886266047352814	0.138922790157628	0.00815115970050745	25	17.9436329486276	0.146261417771551
64.75	64.7057648994202	0.921137440966449	0.140921759556283	0.0078370175210638	25	17.9465682180823	0.140647569568078
65	64.953252074362	0.956493900659913	0.14284129891816	0.0075159090761549	25	17.9495026011202	0.134906829512225
65.25	65.20067236685	0.992315422789462	0.14467971409436	0.0071882100975329	25	17.952436098232	0.129045882436626
65.5	65.4480278756472	1.0285816107001	0.146435403966926	0.00685429305887753	25	17.9553687099084	0.123071359117912
65.75	65.6953208660704	1.06527169769708	0.148106860623799	0.00651452640502626	25	17.9583004366393	0.116989822383881
66	65.9425537640211	1.10236457031667	0.149692667169439	0.0061692681760977	25	17.9612312789142	0.110807652532536
66.25	66.1897291496657	1.13983878999292	0.151191494711848	0.00581886894450828	25	17.9641612372224	0.104531099937413
66.5	66.4368497506821	1.17767261461795	0.152602101641693	0.00546367496217115	25	17.9670903120524	0.0981663414810284
66.75	66.6839184351232	1.21584401964918	0.153923332192934	0.0051040267404604	25	17.9700185038924	0.0917194549704349
67	66.9309382039247	1.25433071875683	0.155154115011924	0.0047402591815543	25	17.9729458132301	0.085196421410742
67.25	67.1779121830828	1.29311018402991	0.156293461783711	0.004372700057167	25	17.9758722405529	0.0786030975738925
67.5	67.424843615527	1.33215966575939	0.157340465040507	0.00400167236697091	25	17.9787977863476	0.0719452582929849
67.75	67.6717358527748	1.37145621138421	0.158294297967196	0.00362749935386592	25	17.9817224511005	0.0652286865727632
68	67.9185923462071	1.4109766850154	0.15915421471744	0.00325049923942161	25	17.9846462352975	0.0584590789091012
68.25	68.1654166381296	1.45069778638483	0.159919547586907	0.00287098148359316	25	17.9875691394241	0.0516419779341384
68.5	68.4122123527196	1.49059606882607	0.160589705459237	0.00248925213918938	25	17.9904911639654	0.0447828686149684
68.75	68.6589831867427	1.53064795732565	0.161164173656502	0.00210561540873583	25	17.9934123094058	0.0378872062144217
69	68.9057329001081	1.57082976631491	0.161642513163605	0.00172037249383883	25	17.9963325762294	0.0309603955541208
69.25	69.1524653062868	1.61111771723495	0.162024359903421	0.00133381982849695	25	17.9992519649201	0.0240077591689231
69.5	69.3991842626164	1.65148795588143	0.162309423077853	0.000946253442288714	25	18.0021704759608	0.0170346157815462
69.75	69.6458936605971	1.69191656907606	0.162497486624565	0.000557973369918696	25	18.0050881098345	0.0100463596883274
70	69.8925974158763	1.73237960267033	0.162588409762812	0.000169275590216567	25	18.0080048670233	0.00304831565248818
70.25	70.1392994583447	1.77285307844069	0.162582124419674	-0.000219548860347363	25	18.0109207480093	-0.00395427712403211
70.5	70.3860037222278	1.81331301079219	0.162478635332639	-0.000608207735863509	25	18.0138357532737	-0.0109561542577157
70.75	70.6327141361282	1.85373542369053	0.162278020551742	-0.000996407538780608	25	18.0167498832975	-0.0179520254080423
71	70.8794346130809	1.89409636761451	0.161980431563248	-0.00138385475500508	25	18.0196631385613	-0.0249365965178878
71.25	71.1261690406406	1.93437193656549	0.161586093174239	-0.00177025649232293	25	18.0225755195451	-0.0319045813218551
71.5	71.372921271051	1.97453828499449	0.161095303317087	-0.002155314493065	25	18.0254870267286	-0.0388505934332633
71.75	71.6196951115009	2.01457164476103	0.160508435927707	-0.00253872457578502	25	18.028397660591	-0.0457691362029675
72	71.8664943142787	2.0544483435438	0.159825941029195	-0.00292018535983951	25	18.0313074216109	-0.0526547599513536
72.25	72.1133225672903	2.09414482191843	0.159048343247787	-0.00329939476958863	25	18.0342163102667	-0.0595019989677237
72.5	72.3601834846426	2.13363765112608	0.1581762436444	-0.00367604506438002	25	18.0371243270362	-0.0663052818580101
72.75	72.6070805973835	2.17290355116046	0.157210320715597	-0.00404982453106389	25	18.0400314723968	-0.0730589619980773
73	72.8540173444272	2.21191940914935	0.156151331378868	-0.00442041801877202	25	18.0429377468256	-0.0797573271276496
73.25	73.1009970636904	2.25066229805997	0.155000111706211	-0.00478750742268313	25	18.045843150799	-0.0863946080330256
73.5	73.348022983482	2.28910949558589	0.153757577667527	-0.00515076638023265	25	18.0487476847931	-0.092964882780134
73.75	73.5950982141479	2.32723850337321	0.152424728516095	-0.00550986020008676	25	18.0516513492835	-0.0994620753152597
74	73.8422257398774	2.3650270677535	0.151002647567483	-0.00586445364898724	25	18.0545541447456	-0.105880095934991
74.25	74.0894084109837	2.40245319953273	0.149492501691601	-0.00621420772584336	25	18.0574560716539	-0.112212783029549
74.5	74.3366489364617	2.43949519465448	0.147895543704562	-0.0065587754969556	25	18.060357130483	-0.118453827813679
74.75	74.583949876899	2.47613165536781	0.146213113943123	-0.00689780381987581	25	18.0632573217066	-0.124596805353067
75	74.831313637773	2.51234151187144	0.144446641794624	-0.00723093336652464	25	18.0661566457982	-0.130635174894963
75.25	75.0787424631592	2.54810404444673	0.142597647259861	-0.00755779879541663	25	18.0690551032309	-0.136562282893515
75.5	75.3262384298781	2.58339890608862	0.140667742396915	-0.00787802982099045	25	18.0719526944772	-0.14237138225062
75.75	75.5738034421099	2.61820614556949	0.138658632349366	-0.00819124767385299	25	18.0748494200092	-0.148055568266893
76	75.8214392265076	2.65250623079478	0.136572118559989	-0.00849706401231826	25	18.0777452802987	-0.153607758845083
76.25	76.0691473277766	2.68628007368879	0.134410100343207	-0.00879508741867879	25	18.080640275817	-0.159020811811495
76.5	76.3169291048604	2.71950905455088	0.13217457485065	-0.00908492223434693	25	18.0835344070349	-0.164287503810049
76.75	76.564785727677	2.75217504713434	0.129867639226033	-0.00936616515345323	25	18.0864276744228	-0.169400468634631
77	76.8127181744436	2.78426044428881	0.127491492273923	-0.0096384065916299	25	18.0893200784507	-0.174352221882243
77.25	77.0607272296179	2.81574818407816	0.125048435930218	-0.00990123119918113	25	18.0922116195882	-0.179135170150054
77.5	77.3088134824791	2.84662177635703	0.122540876674332	-0.0101542181148994	25	18.0951022983043	-0.183741615548399
77.75	77.5569773263684	2.87686532978618	0.119971326872769	-0.0103969412605038	25	18.0887091815625	-0.188067246839041
78	77.8052189586104	2.90646357926338	0.11734240604408	-0.0106289696749086	25	18.0751739695326	-0.192120475990859
78.25	78.0535383811311	2.93540191374348	0.114656842035314	-0.0108498678862865	25	18.0616304907265	-0.195966304635306
78.5	78.3019354017898	2.96366640441787	0.111917472100937	-0.011059196597041	25	18.0480787262736	-0.199597250832732
78.75	78.550409636437	2.99124383322109	0.109127243736794	-0.0112565132654753	25	18.0345186572354	-0.203005798501632
79	78.7989605117084	3.01812172155922	0.1062892154682	-0.0114413708567364	25	18.020950264605	-0.206184375168148
79.25	79.0475872685626	3.04428835932669	0.103406558308426	-0.0116133187748174	25	18.0073735293065	-0.209125369093045
79.5	79.2962889665784	3.06973283446638	0.100482556080791	-0.0117719060436602	25	17.9937884321952	-0.211821186793301
79.75	79.5450644889928	3.09444506222754	0.0975206052865955	-0.0119166805711967	25	17.9801949540566	-0.214264239875335
80	79.7939125484898	3.11841581471938	0.0945242157951925	-0.0120471884577552	25	17.9665930756065	-0.216446932725632
80.25	80.042831693732	3.1416367505575	0.0914970110577179	-0.0121629752796025	25	17.9529827774907	-0.218361685717748
80.5	80.2918203166234	3.16410044454585	0.0884427281553913	-0.0122635867104733	25	17.9393640402841	-0.220000946438772
80.75	80.5408766602896	3.18580041734766	0.0853652177024812	-0.0123485691023002	25	17.9257368444911	-0.221357200133847
81	80.7899988277563	3.20673116509806	0.0822684436042412	-0.0124174700617199	25	17.9121011705446	-0.222422980027735
81.25	81.0391847913016	3.22688818891166	0.0791564826716213	-0.0124698390161159	25	17.8984569988059	-0.223190877411983
81.5	81.2884324024538	3.24626802423908	0.0760335240961832	-0.0125052277639078	25	17.8848043095643	-0.223653551404021
81.75	81.5377394026007	3.26486827002775	0.0729038687896674	-0.0125231910030338	25	17.8719727434699	-0.223814128267487
82	81.7871034341728	3.28268761764391	0.0697719285946663	-0.0125232868310785	25	17.8719043652756	-0.223814984583951
82.25	82.0365220523543	3.29972587951517	0.0666422253741282	-0.0125050772116091	25	17.8748613656392	-0.223526521524127
82.5	82.2859927372755	3.31598401745563	0.0635193899888618	-0.0124681284003265	25	17.8778174674914	-0.222902923702282
82.75	82.5355129066301	3.33146417063889	0.0604081611739649	-0.0124120113259144	25	17.8807726713343	-0.221936352912703
83	82.785079928659	3.34616968318795	0.0573133843259045	-0.0123363019197634	25	17.88372697767	-0.220619055447155
83.25	83.0346911354362	3.36010513135517	0.0542400102140832	-0.0122405813891145	25	17.8866803869998	-0.218943367058149
83.5	83.2843438363862	3.37327635027019	0.0511930936313473	-0.0121244364298918	25	17.8896328998245	-0.216901716848024
83.75	83.5340353319589	3.38569046023854	0.0481777919991373	-0.0119874593743863	25	17.8925845166447	-0.214486629996051
84	83.7837629273817	3.39735589257908	0.0451993639441541	-0.0118292482702978	25	17.8955352379602	-0.211690729259693
84.25	84.0335239464046	3.40828241499406	0.0422631678639884	-0.0116494068886423	25	17.8984850642705	-0.208506735203975
84.5	84.2833157449492	3.41848115647146	0.039374660499833	-0.0114475446584471	25	17.9014339960747	-0.20492746512031
84.75	84.5331357245677	3.42796463172511	0.0365393955347648	-0.0112232765265381	25	17.9043820338714	-0.20094583060292
85	84.7829813456133	3.43674676518459	0.0337630222365639	-0.0109762227426391	25	17.9073291781585	-0.196554833785228
85.25	85.0328501400206	3.44484291455273	0.0310512841634453	-0.0107060085712223	25	17.9102754294336	-0.191747562260469
85.5	85.2827397235883	3.45226989395461	0.0284100179509528	-0.0104122639306197	25	17.913220788194	-0.186517182694139
85.75	85.5326478076544	3.45904599670808	0.0258451521981354	-0.0100946229634501	25	17.9161652549363	-0.180856933199446
86	85.7825722100484	3.46519101775137	0.0233627064692277	-0.00975272354324776	25	17.9191088301567	-0.174760114561888
86.25	86.0325108652038	3.47072627576836	0.0209687904265115	-0.00938620672164351	25	17.9220515143508	-0.168220080389641
86.5	86.2824618333068	3.4756746350574	0.018669603108406	-0.00899471612506597	25	17.9249933080141	-0.161230226349294
86.75	86.532423308356	3.48006052719331	0.0164714323639786	-0.00857789730821672	25	17.9279342116412	-0.153783978615923
87	86.7823936250039	3.48390997253563	0.0143806544542976	-0.00813539707508915	25	17.9308742257265	-0.145874781729767
87.25	87.0323712640453	3.48725060163956	0.012403733826434	-0.00766686278095899	25	17.9338133507639	-0.137496086099637
87.5	87.2823548564161	3.49011167662632	0.0105472230638181	-0.00717194162698735	25	17.9367515872468	-0.128641335361507
87.75	87.5323431855593	3.49252411257153	0.00881776301294032	-0.00665027996432	25	17.9396889356682	-0.119303953895007
88	87.7823351880141	3.49452049896838	0.00722208308165811	-0.00610152262560773	25	17.9426253965204	-0.109477334819673
88.25	88.0323299520748	3.49613512132084	0.00576700170013645	-0.00552531230391981	25	17.9455609702956	-0.0991548288299173
88.5	88.282326714366	3.49740398291758	0.00445942692969821	-0.00492128900053826	25	17.9484956574853	-0.088329734255391
88.75	88.5323248541725	3.49836482683232	0.00330635719986732	-0.00428908956627253	25	17.9514294585805	-0.0769952887904751
89	88.782323885358	3.49905715818798	0.00231488214656195	-0.00362834736391798	25	17.954362374072	-0.0651446633907923
89.25	89.0323234456997	3.4995222667126	0.00149218351790833	-0.00293869208077141	25	17.9572944044499	-0.0527709588584377
89.5	89.2823232834626	3.49980324960254	0.000845536106176239	-0.00221974971494717	25	17.9602255502039	-0.039867205545452
89.75	89.5323232410258	3.49994503469338	0.000382308660434748	-0.00147121098421976	25	17.9631558118233	-0.0264275921416055
90	89.7823232353728	3.49999440392369	0.000109930614066357	-0.000742233015619772	25	17.9660851897969	-0.0133350215893047
90.25	90.0323232352447	3.5	1.11921526248619e-05	-0.000219861228132714	25	17.969013684613	-0.00395068941703256
90.5	90.2823232352447	3.5	0	-2.23843052497237e-05	25	17.9719412967595	-0.000402289419916781
90.75	90.5323232352447	3.5	0	0	25	17.9748680267239	0
91	90.7823232352447	3.5	0	0	25	17.9777938749932	0
91.25	91.0323232352447	3.5	0	0	25	17.9807188420538	0
91.5	91.2823232352447	3.5	0	0	25	17.9836429283918	0
91.75	91.5323232352447	3.5	0	0	25	17.9865661344929	0
92	91.7823232352447	3.5	0	0	25	17.9894884608421	0
92.25	92.0323232352447	3.5	0	0	25	17.9924099079244	0
92.5	92.2823232352447	3.5	0	0	25	17.9953304762238	0
92.75	92.5323232352447	3.5	0	0	25	17.9982501662242	0
93	92.7823232352447	3.5	0	0	25	18.0011689784089	0
93.25	93.0323232352447	3.5	0	0	25	18.004086913261	0
93.5	93.2823232352447	3.5	0	0	25	18.0070039712628	0
93.75	93.5323232352447	3.5	0	0	25	18.0099201528963	0
94	93.7823232352447	3.5	0	0	25	18.0128354586431	0
94.25	94.0323232352447	3.5	0	0	25	18.0157498889844	0
94.5	94.2823232352447	3.5	0	0	25	18.0186634444007	0
94.75	94.5323232352447	3.5	0	0	25	18.0215761253724	0
95	94.7823232352447	3.5	0	0	25	18.0244879323792	0
95.25	95.0323232352447	3.5	0	0	25	18.0273988659005	0
95.5	95.2823232352447	3.5	0	0	25	18.030308926415	0
95.75	95.5323232352447	3.5	0	0	25	18.0332181144014	0
96	95.7823232352447	3.5	0	0	25	18.0361264303375	0
96.25	96.0323232352447	3.5	0	0	25	18.039033874701	0
96.5	96.2823232352447	3.5	0	0	25	18.0419404479689	0
96.75	96.5323232352447	3.5	0	0	25	18.044846150618	0
97	96.7823232352447	3.5	0	0	25	18.0477509831245	0
97.25	97.0323232352447	3.5	0	0	25	18.0506549459641	0
97.5	97.2823232352447	3.5	0	0	25	18.0535580396123	0
97.75	97.5323232352447	3.5	0	0	25	18.0564602645439	0
98	97.7823232352447	3.5	0	0	25	18.0593616212335	0
98.25	98.0323232352447	3.5	0	0	25	18.062262110155	0
98.5	98.2823232352447	3.5	0	0	25	18.0651617317822	0
98.75	98.5323232352447	3.5	0	0	25	18.068060486588	0
99	98.7823232352447	3.5	0	0	25	18.0709583750454	0
99.25	99.0323232352447	3.5	0	0	25	18.0738553976266	0
99.5	99.2823232352447	3.5	0	0	25	18.0767515548033	0
99.75	99.5323232352447	3.5	0	0	25	18.0796468470472	0
100	99.7823232352447	3.5	0	0	25	18.0825412748291	0
100.25	100.032323235245	3.5	0	0	25	18.0854348386197	0
100.5	100.282323235245	3.5	0	0	25	18.088327538889	0
100.75	100.532323235245	3.5	0	0	25	18.0912193761067	0
101	100.782323235245	3.5	0	0	25	18.0941103507422	0
101.25	101.032323235245	3.5	0	0	25	18.0970004632642	0
101.5	101.282323235245	3.5	0	0	25	18.0998897141412	0
101.75	101.532323235245	3.5	0	0	25	18.1027781038411	0
102	101.782323235245	3.5	0	0	25	18.1056656328314	0
102.25	102.032323235245	3.5	0	0	25	18.1085523015794	0
102.5	102.282323235245	3.5	0	0	25	18.1114381105516	0
102.75	102.532323235245	3.5	0	0	25	18.1143230602144	0
103	102.782323235245	3.5	0	0	25	18.1172071510335	0
103.25	103.032323235245	3.5	0	0	25	18.1200903834744	0
103.5	103.282323235245	3.5	0	0	25	18.122972758002	0
103.75	103.532323235245	3.5	0	0	25	18.125854275081	0
104	103.782323235245	3.5	0	0	25	18.1287349351754	0
104.25	104.032323235245	3.5	0	0	25	18.1316147387489	0
104.5	104.282323235245	3.5	0	0	25	18.1344936862649	0
104.75	104.532323235245	3.5	0	-7.11946004372521e-08	25	18.1373717781862	-1.29128293672986e-06
105	104.782323235245	3.5	-3.5597300218626e-08	-4.86998432768651e-05	25	18.1402490149751	-0.000883427284032596
105.25	105.032323235245	3.49999998220135	-2.43499216384326e-05	-0.00032327002826525	25	18.1431253970939	-0.00586512865993851
105.5	105.282323234775	3.49998782503919	-0.000161670611432844	-0.000919493622356161	25	18.1460009250039	-0.0166851321218101
105.75	105.532323224254	3.49991914689671	-0.000484096732816513	-0.00166759004011921	25	18.1488755991665	-0.0302648841885326
106	105.782323161421	3.49974577668938	-0.000995465631492448	-0.00240848648191688	25	18.1517494200423	-0.0437182431013146
106.25	106.032322946023	3.49942141419352	-0.00168833997377495	-0.00311981954065228	25	18.1546223880918	-0.0566391456795321
106.5	106.282322397841	3.49890160718958	-0.00255537540181859	-0.0038019625997469	25	18.1574945037747	-0.0690341150084614
106.75	106.532321238018	3.49814372807613	-0.0035893212736484	-0.00445528869531709	25	18.1603657675507	-0.0809096723069919
107	106.782319073462	3.49710695077802	-0.00478301974947713	-0.0050801671785785	25	18.1632361798787	-0.0922722762977893
107.25	107.032315384152	3.49575222796352	-0.00612940486293765	-0.005676963759655	25	18.1661057412175	-0.103128323946952
107.5	107.282309513158	3.49404226856581	-0.00762150162930463	-0.00624604073524148	25	18.1689744520252	-0.113484154544911
107.75	107.532300659197	3.4919415155902	-0.00925242523055839	-0.00678775735989245	25	18.1718423127598	-0.123346056401241
108	107.782287871566	3.48941612417629	-0.0110153803092509	-0.00730247033113892	25	18.1652756793493	-0.132651386705407
108.25	108.032270047262	3.48643393987536	-0.0129036603961279	-0.00779053436177683	25	18.1517869726201	-0.14141212013785
108.5	108.282245930163	3.48296447709589	-0.0149106474901393	-0.00825230281548302	25	18.1382901048081	-0.149682662499955
108.75	108.532214112084	3.4789788976651	-0.0170298118038694	-0.00868812838419094	25	18.1247850574221	-0.157470459514749
109	108.782173035584	3.47444998945073	-0.0192547116822347	-0.0090983637877661	25	18.1112718119052	-0.164782939603827
109.25	109.032120998363	3.46935214498574	-0.0215789936977524	-0.00948336247891612	25	18.0977503496337	-0.171627526618507
109.5	109.282056159109	3.46366134003771	-0.0239963929216928	-0.00984347933800968	25	18.0842206519171	-0.178011652331154
109.75	109.531976544672	3.45735511206602	-0.0265007333667573	-0.0101790713443592	25	18.070682699998	-0.183942768444557
110	109.781880058416	3.45041253851133	-0.0290859285938724	-0.0104904982124938	25	18.0571364750509	-0.189428357914278
110.25	110.031764489628	3.4428142148651	-0.0317459824730041	-0.0107781229833841	25	18.0435819581831	-0.194475945406067
110.5	110.28162752386	3.43454223247022	-0.0344749900855644	-0.0110423125622846	25	18.0300191304332	-0.199093106742215
110.75	110.531466754079	3.42558015600845	-0.0372671387541464	-0.0112834381963734	25	18.0164479727716	-0.203287477218945
111	110.78127969251	3.41591300063522	-0.0401167091837511	-0.0115018758866986	25	18.0028684660995	-0.207066758701636
111.25	111.031063783059	3.40552720872752	-0.0430180766974957	-0.0116980067304394	25	17.989280591249	-0.210438725432195
111.5	111.280816414202	3.39441062621666	-0.0459657125489709	-0.0118722171905761	25	17.9756843289828	-0.213411228502919
111.75	111.530534932244	3.38255247848341	-0.0489541852927838	-0.0120248992912814	25	17.9620796599934	-0.215992198973394
112	111.78021665483	3.36994334579915	-0.0519781621946115	-0.0121564507386135	25	17.948466564903	-0.218189649629895
112.25	112.029858884633	3.35657513830291	-0.0550324106620905	-0.0122672749668744	25	17.9348450242633	-0.220011675400917
112.5	112.279458923107	3.3424410705101	-0.0581117996780487	-0.0123577811120556	25	17.9212150185549	-0.221466452461386
112.75	112.529014084228	3.32753563535502	-0.0612113012181184	-0.0124283839146457	25	17.9075765281871	-0.222562236073208
113	112.778521708135	3.31185457777462	-0.0643259916353716	-0.0124795035547934	25	17.8939295334974	-0.223307357222504
113.25	113.027979174594	3.29539486784708	-0.0674510529955151	-0.0125115654235418	25	17.8802740147511	-0.223710218126413
113.5	113.277383916212	3.27815467350342	-0.0705817743471425	-0.012524999834373	25	17.8706821825092	-0.22383029137606
113.75	113.526733431335	3.26013333283585	-0.0737135529127016	-0.0125202416798589	25	17.8736395543112	-0.223782286918662
114	113.776025296558	3.24133132603053	-0.0768418951870719	-0.0124977299389987	25	17.876596027394	-0.223416869378948
114.25	114.025257178796	3.22175024695698	-0.0799624178822009	-0.0124579070989599	25	17.8795516022602	-0.222741792832017
114.5	114.274426846869	3.20139277447451	-0.0830708487365519	-0.0124012193663367	25	17.8825062794117	-0.221764883190878
114.75	114.523532182531	3.18026264348011	-0.0861630275653693	-0.012328116210663	25	17.8854600593502	-0.220494030092841
115	114.772571190937	3.15836461557004	-0.0892349068418834	-0.0122390487351294	25	17.8884129425767	-0.218937157798316
115.25	115.021542010469	3.13570444969795	-0.092282551932934	-0.0121344694417494	25	17.8913649295919	-0.217102221009319
115.5	115.270442921922	3.1122888726407	-0.0953021415627581	-0.0120148321899753	25	17.8943160208959	-0.214997204145451
115.75	115.519272356998	3.08812554936618	-0.0982899680279217	-0.0118805913880378	25	17.8972662169884	-0.212630106886973
116	115.768028906107	3.06322305335487	-0.101242437256777	-0.0117322013915816	25	17.9002155183686	-0.210008933414215
116.25	116.016711325441	3.03759083692251	-0.104156068723712	-0.01157011592533	25	17.9031639255353	-0.207141682048629
116.5	116.265318543313	3.0112392015905	-0.107027495219442	-0.0113947875124955	25	17.9061114389867	-0.204036335022319
116.75	116.513849665753	2.98417926855016	-0.10985346247996	-0.0112066669169949	25	17.9090580592206	-0.200700848466809
117	116.762303981356	2.95642294926599	-0.112630828677939	-0.0110062026028211	25	17.9120037867343	-0.197143142699296
117.25	117.010680965377	2.92798291626132	-0.115356563781371	-0.0107938402148652	25	17.9149486220248	-0.193371092883656
117.5	117.258980283078	2.89887257412824	-0.118027748785372	-0.0105700220851459	25	17.9178925655883	-0.189392520137541
117.75	117.507201792331	2.86910603080126	-0.120641574823944	-0.0103351867676974	25	17.9208356179209	-0.185215183144417
118	117.755345545487	2.83869806913214	-0.123195342169221	-0.0100897686051128	25	17.9237777795179	-0.180846770324799
118.25	118.003411790526	2.80766411880033	-0.1256864591265	-0.00983419722914167	25	17.9267190508744	-0.17629489081771
118.5	118.251400971487	2.7760202285909	-0.128112440783792	-0.00956889600213273	25	17.9296594324849	-0.171567046463106
118.75	118.499313728215	2.74378303909394	-0.130470907127567	-0.00929428406526411	25	17.9325989248434	-0.166670668435945
119	118.747150895442	2.71096975610077	-0.132759582816424	-0.00901077800029843	25	17.9355375284436	-0.161613146984827
119.25	118.994913501186	2.67759812359837	-0.134976296127716	-0.00871878671779236	25	17.9384752437786	-0.156401739692904
119.5	119.242602764534	2.64368639788541	-0.13711897617532	-0.00841871095134455	25	17.9414120713411	-0.151043562287584
119.75	119.490220092805	2.60925332216207	-0.139185651603388	-0.00811094612084784	25	17.9443480116232	-0.145545639896019
120	119.737767078142	2.57431810150408	-0.141174449235744	-0.0077958817695688	25	17.9472830651167	-0.139914896860635
120.25	119.985245493525	2.53890037833704	-0.143083592488172	-0.00747390106277401	25	17.950217232313	-0.134158147649608
120.5	120.232657288256	2.50302020841659	-0.144911399767131	-0.00714538075394788	25	17.9531505137028	-0.128282096153341
120.75	120.480004582935	2.46669803731668	-0.146656282865146	-0.00681069114887745	25	17.9560829097765	-0.122293334942124
121	120.727289663948	2.42995467742503	-0.148316745341569	-0.00647019439640878	25	17.959014421024	-0.116198314471934
121.25	120.974514977495	2.39281128545224	-0.149891380063351	-0.00612424727612093	25	17.9619450479347	-0.110003393033648
121.5	121.22168312324	2.35528934086323	-0.15137886897963	-0.0057732049795477	25	17.9648747909978	-0.103714904600339
121.75	121.468796847446	2.3174106237044	-0.152777982553125	-0.00541741502794135	25	17.9678036507016	-0.0973390495164102
122	121.715859035781	2.27919719352119	-0.154087576493601	-0.00505721541430221	25	17.9707316275342	-0.0908818609930544
122.25	121.962872705803	2.24067136900914	-0.155306590260276	-0.00469293937337134	25	17.9736587219834	-0.0843492906999352
122.5	122.209840999093	2.20185570786375	-0.156434046180286	-0.00432491578520611	25	17.9765849345362	-0.0777472159474741
122.75	122.456767173097	2.1627729870492	-0.157469048152879	-0.00395346849585476	25	17.9795102656794	-0.0710814274062609
123	122.703654592677	2.12344618346319	-0.158410780428214	-0.00357891544428401	25	17.9824347158992	-0.0643576133305608
123.25	122.950506721427	2.08389845497315	-0.159258505875021	-0.0032015692220026	25	17.9853582856815	-0.0575813695341273
123.5	123.197327112788	2.04415312209017	-0.160011565039215	-0.00282174283461084	25	17.9882809755115	-0.0507583029496162
123.75	123.444119400927	2.00423364961022	-0.160669377292326	-0.00243974760018001	25	17.9912027858743	-0.0438939938211886
124	123.690887291312	1.96416362784825	-0.161231438839305	-0.00205588625014924	25	17.9941237172541	-0.0369938715337871
124.25	123.937634551323	1.92396675538089	-0.161697320417401	-0.00167045763215512	25	17.9970437701351	-0.030063299122052
124.5	124.184365000653	1.8836668215191	-0.162066667655383	-0.00128376025797011	25	17.9999629450008	-0.0231076370737267
124.75	124.431082501593	1.84328768895927	-0.162339200546386	-0.000896090668794702	25	18.0028812423342	-0.0161322138926749
125	124.677790949233	1.80285327658893	-0.16251471298978	-0.00050774170522061	25	18.0057986626181	-0.00914229491681669
125.25	124.924494261586	1.76238754242203	-0.162593071398996	-0.000119006176439618	25	18.0087152063346	-0.00214314833929588
125.5	125.171196369753	1.72191446713461	-0.162574216078	0.000269818101060693	25	18.0116308739654	0.00485986403941949
125.75	125.417901207845	1.68145803634899	-0.162458162348466	0.000658435403940172	25	18.0145456659919	0.0118614146523861
126	125.664612703011	1.64104222362591	-0.16224499837603	0.00104655438489409	25	18.017459582895	0.0188562513311308
126.25	125.911334765547	1.60069097381814	-0.161934885156019	0.00143388195487198	25	18.0203726251549	0.0258390871272788
126.5	126.15807127899	1.56042818605096	-0.161528057398594	0.00182012251771962	25	18.0232847932518	0.0328045864954713
126.75	126.40482609027	1.52027769660523	-0.161024823897159	0.00220497920128959	25	18.0261960876651	0.0397473874516694
127	126.651602999937	1.48026326166724	-0.160425567797949	0.0025881550966963	25	18.0291065088739	0.0466621238998225
127.25	126.898405752504	1.44040854001509	-0.159730746348811	0.00296934774514307	25	18.0320160573568	0.0535433262202962
127.5	127.145238026959	1.40073707581556	-0.158940893925377	0.00334824704972186	25	18.0349247335921	0.0603853835312056
127.75	127.392103427202	1.36127227972169	-0.15805662282395	0.00372454418096824	25	18.0378325380574	0.0671827042169011
128	127.63900547287	1.32203741116981	-0.157078621834893	0.00409792946466703	25	18.04073947123	0.0739296778435349
128.25	127.885947590309	1.28305556006269	-0.156007658091616	0.00446808692894135	25	18.0436455335869	0.0806205767590705
128.5	128.132933103739	1.2443496280201	-0.154844578370423	0.00483469565752986	25	18.0465507256044	0.0872495804264719
128.75	128.379965226653	1.20594230927407	-0.153590310262851	0.00519743000818701	25	18.0494550477585	0.0938107792966426
129	128.62704705348	1.16785607118297	-0.152245863366329	0.00555596110933337	25	18.0523585005248	0.100298201760659
129.25	128.874181551544	1.1301131343703	-0.150812329708185	0.0059099530752903	25	18.0552610843783	0.106705745770791
129.5	129.121371553356	1.09273545285503	-0.149290886828684	0.0062590597710579	25	18.0581627997938	0.113027120319403
129.75	129.36861974913	1.05574469247295	-0.147682799822656	0.00660293200454382	25	18.0610636472454	0.119255975192499
130	129.615928679763	1.01916220979775	-0.145989420826412	0.00694121793494346	25	18.0639636272069	0.125385908305335
130.25	129.863300730204	0.983009030619338	-0.144212190855184	0.00727355816919067	25	18.0668627401517	0.131410377075277
130.5	130.11073812322	0.94730582774692	-0.142352641741817	0.00759958625919138	25	18.0697609865527	0.137322707300278
130.75	130.358242913599	0.912072898313067	-0.140412397725588	0.00791892937566213	25	18.0726583668824	0.143116105237811
131	130.605816982822	0.877330140572774	-0.138393177053986	0.00823120827682139	25	18.0755548816127	0.14878365694967
131.25	130.853462034235	0.843097030194629	-0.136296793587178	0.00853603754051224	25	18.0784505312154	0.154318332408748
131.5	131.101179588735	0.809392596044311	-0.134125158283729	0.00883302664511282	25	18.0813453161616	0.159713004957141
131.75	131.348970981008	0.77623539552008	-0.131880280264621	0.0091217770733974	25	18.084239236922	0.164960398861189
132	131.59683735634	0.743643489594434	-0.129564269747031	0.00940188137938019	25	18.0871322939669	0.170053072321034
132.25	131.844779667997	0.711634416470926	-0.127179339574931	0.00967292895916683	25	18.0900244877663	0.174983521739751
132.5	132.092798675266	0.680225165655682	-0.124727805267447	0.00993450530783882	25	18.0929158187895	0.179744168236045
132.75	132.340894942119	0.649432151395202	-0.122212086921012	0.0101861891603547	25	18.0958062875055	0.184327305853667
133	132.58906883654	0.619271185605889	-0.11963471068727	0.0104275537878296	25	18.0863622116258	0.188596514787897
133.25	132.837320530539	0.589757450391321	-0.116998310027097	0.0106581676246008	25	18.072825567147	0.192623204344824
133.5	133.085650000859	0.560905470174031	-0.11430562687497	0.0108775946450923	25	18.059280652624	0.196441534521202
133.75	133.3340570304	0.532729083471821	-0.111559512704551	0.0110853947764141	25	18.0457274491744	0.20004401280167
134	133.582541210376	0.505241414351533	-0.108762929486763	0.011281124344461	25	18.0321659378478	0.203423106144816
134.25	133.831101943202	0.478454843595813	-0.10591895053232	0.011464336550532	25	18.0185960996254	0.206571249854208
134.5	134.079738446134	0.452380979621215	-0.103030761211497	0.0116345819753547	25	18.0050179154194	0.209480856904676
134.75	134.328449755651	0.427030629188022	-0.100101659544643	0.0117914091071392	25	17.9914313660729	0.212144327660381
135	134.577234732601	0.402413767944303	-0.0971350566579269	0.0119343648893461	25	17.9778364323595	0.214554059904759
135.25	134.826092068076	0.378539510848356	-0.0941344770999699	0.0120629955663264	25	17.9642330949829	0.216702464177232
135.5	135.075020290049	0.355416082515029	-0.0911035588747637	0.0121768469455257	25	17.9506213345764	0.218581968568226
135.75	135.32401777072	0.333050787603524	-0.088046053627207	0.0122754641125163	25	17.9370011317031	0.220185013678384
136	135.573082734595	0.311449981072601	-0.0849658268185056	0.0123583929696366	25	17.9233724668546	0.221504080286553
136.25	135.822213267252	0.290619038503274	-0.0818668571423887	0.0124251816945803	25	17.9097353204516	0.222531715458453
136.5	136.071407324783	0.270562326692265	-0.0787532359712155	0.0124753803249437	25	17.8960896728429	0.223260524998012
136.75	136.320662743865	0.251283174318354	-0.0756291669799169	0.0125085410051337	25	17.8824355043054	0.223683177777263
137	136.569977252451	0.232783842810074	-0.0724989654686486	0.0125242188452982	25	17.8712393665596	0.223823312863501
137.25	136.819348481019	0.215065497457615	-0.0693670575572678	0.0125219724176084	25	17.8728423347355	0.223803238739822
137.5	137.068773974357	0.198128178809261	-0.0662379792598444	0.012501364217412	25	17.8757990500637	0.223471874602114
137.75	137.318251203801	0.181970774389913	-0.0631163754485618	0.0124619610842305	25	17.8787548670398	0.222804347387547
138	137.567777579914	0.166590990775945	-0.0600069987177291	0.0124033345761394	25	17.881709786166	0.221792829271243
138.25	137.817350465509	0.151985326056918	-0.0569147081604921	0.0123250612922212	25	17.8846638079439	0.220429577623679
138.5	138.066967188964	0.138149042710255	-0.0538444680716185	0.0122267231386399	25	17.8876169328749	0.218706939848308
138.75	138.316625057774	0.125076140910614	-0.0508013465911721	0.0121079075330021	25	17.8905691614595	0.21661735711973
139	138.566321372229	0.112759332290302	-0.0477905143051175	0.0119682075431732	25	17.8935204941983	0.214153366952588
139.25	138.816053439181	0.101190014162036	-0.0448172428195855	0.0118072219576079	25	17.8964709315908	0.211307604547172
139.5	139.065818585773	0.090358244209399	-0.0418869033263135	0.0116245552839647	25	17.8994204741366	0.208072802852529
139.75	139.315614173075	0.0802527156447724	-0.0390049651776032	0.0114198176736929	25	17.9023691223343	0.204441791304208
140	139.565437609508	0.0708607328281041	-0.036176994489467	0.0111926247723882	25	17.9053168766825	0.200407493231417
140.25	139.815286363968	0.0621681873340717	-0.0334086527914091	0.0109425974957655	25	17.9082637376791	0.195962921929435
140.5	140.065157978556	0.0541595344488692	-0.0307056957415843	0.0106693617314864	25	17.9112097058214	0.191101175399919
140.75	140.315050080778	0.0468177700718966	-0.0280739719256659	0.0103725479691883	25	17.9141547816066	0.185815429799679
141	140.564960395142	0.0401244079916754	-0.0255194217569901	0.0100517908626144	25	17.917098965531	0.180098931666283
141.25	140.814886754004	0.0340594574997338	-0.0230480764943587	0.00970672872816977	25	17.9200422580908	0.173944988996627
141.5	141.064827107561	0.0286014013010855	-0.0206660573929052	0.00933700298526751	25	17.9229846597816	0.167346961273285
141.75	141.314779532874	0.0237271736750763	-0.0183795750017249	0.00894225754644638	25	17.9259261710984	0.160298248580546
142	141.564742241767	0.0194121388363075	-0.016194928619682	0.00852213816637523	25	17.928866792536	0.152792279972528
142.25	141.814713587511	0.0156300694420433	-0.0141185059185373	0.00807629175997242	25	17.9318065245884	0.144822501275953
142.5	142.064692070119	0.0123531251899211	-0.0121567827396958	0.00760436570203153	25	17.9347453677495	0.136382362549183
142.75	142.31467634015	0.00955183144839107	-0.0103163230675215	0.00710600712229971	25	17.9376833225125	0.12746530544733
143	142.564665200846	0.00719505786190997	-0.00860377917854598	0.00658086221236546	25	17.9406203893701	0.118064750786799
143.25	142.814657608486	0.00524999687390145	-0.00702589196133881	0.00602857556214534	25	17.9435565688148	0.108174086628729
143.5	143.064652670781	0.0036821421130627	-0.00558949139747331	0.00544878954594169	25	17.9464918613383	0.0977866572403878
143.75	143.314649643169	0.00245526659246905	-0.00430149718836796	0.00484114378110852	25	17.9494262674322	0.0868957533490452
144	143.564647922843	0.00153140067713556	-0.00316891950691905	0.00420527468384402	25	17.9523597875873	0.0754946041300001
144.25	143.814647040345	0.000870809783414132	-0.00219885984644595	0.00354081514955304	25	17.9552924222941	0.0635763714235139
144.5	144.064646648553	0.000431971783988773	-0.00139851193214253	0.00284739438948472	25	17.9582241720427	0.0511341467525834
144.75	144.314646508888	0.000171554104714866	-0.00077516265170359	0.00212463798202561	25	17.9611550373227	0.0381609521933465
145	144.564646474541	4.43905153951813e-05	-0.000336192941129721	0.0013727632408541	25	17.9640850186232	0.0246604355691437
145.25	144.814646470547	3.45764070700148e-06	-8.87810312765388e-05	0.000658555319430069	25	17.9670141164327	0.0118322727206519
145.5	145.064646470489	0	-6.91528141468678e-06	0.000177562062553078	25	17.9699423312396	0.00319078002429477
145.75	145.314646470489	0	0	1.38305628293736e-05	25	17.9728696635316	0.000248574903105616
146	145.564646470489	0	0	0	25	17.9757961137959	0
146.25	145.814646470489	0	0	0	25	17.9787216825194	0
146.5	146.064646470489	0	0	0	25	17.9816463701886	0
146.75	146.314646470489	0	0	0	25	17.9845701772892	0
147	146.564646470489	0	0	0	25	17.9874931043068	0
147.25	146.814646470489	0	0	0	25	17.9904151517263	0
147.5	147.064646470489	0	0	0	25	17.9933363200325	0
147.75	147.314646470489	0	0	0	25	17.9962566097093	0
148	147.564646470489	0	0	0	25	17.9991760212406	0
148.25	147.814646470489	0	0	0	25	18.0020945551093	0
148.5	148.064646470489	0	0	0	25	18.0050122117985	0
148.75	148.314646470489	0	0	0	25	18.0079289917902	0
149	148.564646470489	0	0	0	25	18.0108448955666	0
149.25	148.814646470489	0	0	0	25	18.0137599236088	0
149.5	149.064646470489	0	0	0	25	18.016674076398	0
149.75	149.314646470489	0	0	0	25	18.0195873544147	0
150	149.564646470489	0	0	0	25	18.0224997581389	0
150.25	149.814646470489	0	0	0	25	18.0254112880503	0
150.5	150.064646470489	0	0	0	25	18.0283219446281	0
150.75	150.314646470489	0	0	0	25	18.031231728351	0
151	150.564646470489	0	0	0	25	18.0341406396973	0
151.25	150.814646470489	0	0	0	25	18.037048679145	0
151.5	151.064646470489	0	0	0	25	18.0399558471713	0
151.75	151.314646470489	0	0	0	25	18.0428621442534	0
152	151.564646470489	0	0	0	25	18.0457675708677	0
152.25	151.814646470489	0	0	0	25	18.0486721274904	0
152.5	152.064646470489	0	0	0	25	18.051575814597	0
152.75	152.314646470489	0	0	0	25	18.0544786326628	0
153	152.564646470489	0	0	0	25	18.0573805821627	0
153.25	152.814646470489	0	0	0	25	18.0602816635709	0
153.5	153.064646470489	0	0	0	25	18.0631818773613	0
153.75	153.314646470489	0	0	0	25	18.0660812240074	0
154	153.564646470489	0	0	0	25	18.0689797039823	0
154.25	153.814646470489	0	0	0	25	18.0718773177584	0
154.5	154.064646470489	0	0	0	25	18.0747740658081	0
154.75	154.314646470489	0	0	0	25	18.077669948603	0
155	154.564646470489	0	0	0	25	18.0805649666144	0
155.25	154.814646470489	0	0	0	25	18.0834591203131	0
155.5	155.064646470489	0	0	0	25	18.0863524101697	0
155.75	155.314646470489	0	0	0	25	18.089244836654	0
156	155.564646470489	0	0	0	25	18.0921364002356	0
156.25	155.814646470489	0	0	0	25	18.0950271013837	0
156.5	156.064646470489	0	0	0	25	18.097916940567	0
156.75	156.314646470489	0	0	0	25	18.1008059182537	0
157	156.564646470489	0	0	0	25	18.1036940349116	0
157.25	156.814646470489	0	0	0	25	18.1065812910082	0
157.5	157.064646470489	0	0	0	25	18.1094676870105	0
157.75	157.314646470489	0	0	0	25	18.112353223385	0
158	157.564646470489	0	0	0	25	18.1152379005978	0
158.25	157.814646470489	0	0	0	25	18.1181217191146	0
158.5	158.064646470489	0	0	0	25	18.1210046794007	0
158.75	158.314646470489	0	0	0	25	18.123886781921	0
159	158.564646470489	0	0	0	25	18.1267680271398	0
159.25	158.814646470489	0	0	0	25	18.1296484155212	0
159.5	159.064646470489	0	0	0	25	18.1325279475287	0
159.75	159.314646470489	0	0	0	25	18.1354066236255	0
160	159.564646470489	0	0	0	25	18.1382844442744	0
160.25	159.814646470489	0	0	0	25	18.1411614099375	0
160.5	160.064646470489	0	0	0	25	18.1440375210768	0
160.75	160.314646470489	0	0	0	25	18.1469127781537	0
161	160.564646470489	0	0	0	25	18.1497871816294	0
161.25	160.814646470489	0	0	0	25	18.1526607319644	0
161.5	161.064646470489	0	0	0	25	18.1555334296188	0
161.75	161.314646470489	0	0	0	25	18.1584052750526	0
162	161.564646470489	0	0	0	25	18.161276268725	0
162.25	161.814646470489	0	0	0	25	18.1641464110951	0
162.5	162.064646470489	0	0	0	25	18.1670157026212	0
162.75	162.314646470489	0	0	0	25	18.1698841437616	0
163	162.564646470489	0	0	0	25	18.1727517349739	0
163.25	162.814646470489	0	0	0	25	18.1756184767155	0
163.5	163.064646470489	0	0	0	25	18.1784843694431	0
163.75	163.314646470489	0	0	0	25	18.1813494136132	0
164	163.564646470489	0	0	0	25	18.1842136096819	0
164.25	163.814646470489	0	0	0	25	18.1870769581048	0
164.5	164.064646470489	0	0	0	25	18.1899394593371	0
164.75	164.314646470489	0	0	0	25	18.1928011138336	0
165	164.564646470489	0	0	0	25	18.1956619220486	0
165.25	164.814646470489	0	0	0	25	18.1985218844361	0
165.5	165.064646470489	0	0	0	25	18.2013810014498	0
165.75	165.314646470489	0	0	0	25	18.2042392735427	0
166	165.564646470489	0	0	0	25	18.2070967011676	0
166.25	165.814646470489	0	0	0	25	18.2099532847769	0
166.5	166.064646470489	0	0	0	25	18.2128090248224	0
166.75	166.314646470489	0	0	0	25	18.2156639217556	0
167	166.564646470489	0	0	0	25	18.2185179760277	0
167.25	166.814646470489	0	0	0	25	18.2213711880894	0
167.5	167.064646470489	0	0	0	25	18.224223558391	0
167.75	167.314646470489	0	0	0	25	18.2270750873823	0
168	167.564646470489	0	0	0	25	18.2299257755128	0
168.25	167.814646470489	0	0	0	25	18.2327756232317	0
168.5	168.064646470489	0	0	0	25	18.2356246309875	0
168.75	168.314646470489	0	0	0	25	18.2384727992286	0
169	168.564646470489	0	0	0	25	18.2413201284028	0
169.25	168.814646470489	0	0	0	25	18.2441666189575	0
169.5	169.064646470489	0	0	0	25	18.2470122713399	0
169.75	169.314646470489	0	0	0	25	18.2498570859966	0
170	169.564646470489	0	0	0	25	18.2527010633739	0
170.25	169.814646470489	0	0	0	25	18.2555442039175	0
170.5	170.064646470489	0	0	0	25	18.258386508073	0
170.75	170.314646470489	0	0	0	25	18.2612279762854	0
171	170.564646470489	0	0	0	25	18.2640686089994	0
171.25	170.814646470489	0	0	0	25	18.2669084066593	0
171.5	171.064646470489	0	0	0	25	18.2697473697088	0
171.75	171.314646470489	0	0	0	25	18.2725854985914	0
172	171.564646470489	0	0	0	25	18.2754227937502	0
172.25	171.814646470489	0	0	0	25	18.278259255628	0
172.5	172.064646470489	0	0	0	25	18.2810948846668	0
172.75	172.314646470489	0	0	0	25	18.2839296813087	0
173	172.564646470489	0	0	0	25	18.2867636459951	0
173.25	172.814646470489	0	0	0	25	18.2895967791671	0
173.5	173.064646470489	0	0	0	25	18.2924290812653	0
173.75	173.314646470489	0	0	0	25	18.2952605527301	0
174	173.564646470489	0	0	0	25	18.2980911940014	0
174.25	173.814646470489	0	0	0	25	18.3009210055187	0
174.5	174.064646470489	0	0	0	25	18.3037499877211	0
174.75	174.314646470489	0	0	0	25	18.3065781410473	0
175	174.564646470489	0	0	0	25	18.3094054659356	0
175.25	174.814646470489	0	0	0	25	18.3122319628241	0
175.5	175.064646470489	0	0	0	25	18.3150576321502	0
175.75	175.314646470489	0	0	0	25	18.3178824743512	0
176	175.564646470489	0	0	0	25	18.3207064898638	0
176.25	175.814646470489	0	0	0	25	18.3235296791243	0
176.5	176.064646470489	0	0	0	25	18.3263520425689	0
176.75	176.314646470489	0	0	0	25	18.329173580633	0
177	176.564646470489	0	0	0	25	18.331994293752	0
177.25	176.814646470489	0	0	0	25	18.3348141823607	0
177.5	177.064646470489	0	0	0	25	18.3376332468934	0
177.75	177.314646470489	0	0	0	25	18.3404514877844	0
178	177.564646470489	0	0	0	25	18.3432689054672	0
178.25	177.814646470489	0	0	0	25	18.3460855003751	0
178.5	178.064646470489	0	0	0	25	18.3489012729412	0
178.75	178.314646470489	0	0	0	25	18.3517162235978	0
179	178.564646470489	0	0	0	25	18.3545303527771	0
179.25	178.814646470489	0	0	0	25	18.357343660911	0
179.5	179.064646470489	0	0	0	25	18.3601561484307	0
179.75	179.314646470489	0	0	0	25	18.3629678157673	0
180	179.564646470489	0	0	0	25	18.3657786633515	0
180.25	179.814646470489	0	0	0	25	18.3685886916133	0
180.5	180.064646470489	0	0	0	25	18.3713979009827	0
180.75	180.314646470489	0	0	0	25	18.3742062918892	0
181	180.564646470489	0	0	0	25	18.3770138647618	0
181.25	180.814646470489	0	0	0	25	18.3798206200293	0
181.5	181.064646470489	0	0	0	25	18.38262655812	0
181.75	181.314646470489	0	0	0	25	18.3854316794619	0
182	181.564646470489	0	0	0	25	18.3882359844825	0
182.25	181.814646470489	0	0	0	25	18.3910394736091	0
182.5	182.064646470489	0	0	0	25	18.3938421472684	0
182.75	182.314646470489	0	0	0	25	18.396644005887	0
183	182.564646470489	0	0	0	25	18.3994450498909	0
183.25	182.814646470489	0	0	0	25	18.4022452797059	0
183.5	183.064646470489	0	0	0	25	18.4050446957571	0
183.75	183.314646470489	0	0	0	25	18.4078432984697	0
184	183.564646470489	0	0	0	25	18.4106410882682	0
184.25	183.814646470489	0	0	0	25	18.4134380655767	0
184.5	184.064646470489	0	0	0	25	18.4162342308192	0
184.75	184.314646470489	0	0	0	25	18.4190295844191	0
185	184.564646470489	0	0	0	25	18.4218241267994	0
185.25	184.814646470489	0	0	0	25	18.4246178583829	0
185.5	185.064646470489	0	0	0	25	18.427410779592	0
185.75	185.314646470489	0	0	0	25	18.4302028908486	0
186	185.564646470489	0	0	0	25	18.4329941925743	0
186.25	185.814646470489	0	0	0	25	18.4357846851903	0
186.5	186.064646470489	0	0	0	25	18.4385743691177	0
186.75	186.314646470489	0	0	0	25	18.4413632447767	0
187	186.564646470489	0	0	0	25	18.4441513125876	0
187.25	186.814646470489	0	0	0	25	18.4469385729702	0
187.5	187.064646470489	0	0	0	25	18.4497250263438	0
187.75	187.314646470489	0	0	0	25	18.4525106731274	0
188	187.564646470489	0	0	0	25	18.4552955137398	0
188.25	187.814646470489	0	0	0	25	18.4580795485992	0
188.5	188.064646470489	0	0	0	25	18.4608627781236	0
188.75	188.314646470489	0	0	0	25	18.4636452027305	0
189	188.564646470489	0	0	0	25	18.4664268228372	0
189.25	188.814646470489	0	0	0	25	18.4692076388604	0
189.5	189.064646470489	0	0	0	25	18.4719876512167	0
189.75	189.314646470489	0	0	0	25	18.4747668603222	0
190	189.564646470489	0	0	0	25	18.4775452665925	0
190.25	189.814646470489	0	0	0	25	18.4803228704433	0
190.5	190.064646470489	0	0	0	25	18.4830996722893	0
190.75	190.314646470489	0	0	0	25	18.4858756725454	0
191	190.564646470489	0	0	0	25	18.4886508716258	0
191.25	190.814646470489	0	0	0	25	18.4914252699444	0
191.5	191.064646470489	0	0	0	25	18.4941988679149	0
191.75	191.314646470489	0	0	0	25	18.4969716659505	0
192	191.564646470489	0	0	0	25	18.4997436644641	0
192.25	191.814646470489	0	0	0	25	18.5025148638681	0
192.5	192.064646470489	0	0	0	25	18.5052852645747	0
192.75	192.314646470489	0	0	0	25	18.5080548669957	0
193	192.564646470489	0	0	0	25	18.5108236715426	0
193.25	192.814646470489	0	0	0	25	18.5135916786264	0
193.5	193.064646470489	0	0	0	25	18.5163588886578	0
193.75	193.314646470489	0	0	0	25	18.5191253020473	0
194	193.564646470489	0	0	0	25	18.5218909192047	0
194.25	193.814646470489	0	0	0	25	18.5246557405399	0
194.5	194.064646470489	0	0	0	25	18.5274197664621	0
194.75	194.314646470489	0	0	0	25	18.5301829973802	0
195	194.564646470489	0	0	0	25	18.5329454337028	0
195.25	194.814646470489	0	0	0	25	18.5357070758383	0
195.5	195.064646470489	0	0	0	25	18.5384679241944	0
195.75	195.314646470489	0	0	0	25	18.5412279791787	0
196	195.564646470489	0	0	0	25	18.5439872411984	0
196.25	195.814646470489	0	0	0	25	18.5467457106604	0
196.5	196.064646470489	0	0	0	25	18.549503387971	0
196.75	196.314646470489	0	0	0	25	18.5522602735366	0
197	196.564646470489	0	0	0	25	18.5550163677627	0
197.25	196.814646470489	0	0	0	25	18.5577716710549	0
197.5	197.064646470489	0	0	0	25	18.5605261838183	0
197.75	197.314646470489	0	0	0	25	18.5632799064576	0
198	197.564646470489	0	0	0	25	18.5660328393771	0
198.25	197.814646470489	0	0	0	25	18.568784982981	0
198.5	198.064646470489	0	0	0	25	18.5715363376728	0
198.75	198.314646470489	0	0	0	25	18.574286903856	0
199	198.564646470489	0	0	0	25	18.5770366819336	0
199.25	198.814646470489	0	0	0	25	18.5797856723082	0
199.5	199.064646470489	0	0	0	25	18.5825338753821	0
199.75	199.314646470489	0	0	0	25	18.5852812915572	0
200	199.564646470489	0	0	0	25	18.5880279212352	0
200.25	199.814646470489	0	0	0	25	18.5907737648174	0
200.5	200.064646470489	0	0	0	25	18.5935188227047	0
200.75	200.314646470489	0	0	0	25	18.5962630952977	0
201	200.564646470489	0	0	0	25	18.5990065829965	0
201.25	200.814646470489	0	0	0	25	18.6017492862012	0
201.5	201.064646470489	0	0	0	25	18.6044912053113	0
201.75	201.314646470489	0	0	0	25	18.6072323407259	0
202	201.564646470489	0	0	0	25	18.6099726928439	0
202.25	201.814646470489	0	0	0	25	18.612712262064	0
202.5	202.064646470489	0	0	0	25	18.6154510487842	0
202.75	202.314646470489	0	0	0	25	18.6181890534025	0
203	202.564646470489	0	0	0	25	18.6209262763162	0
203.25	202.814646470489	0	0	0	25	18.6236627179227	0
203.5	203.064646470489	0	0	0	25	18.6263983786187	0
203.75	203.314646470489	0	0	0	25	18.6291332588008	0
204	203.564646470489	0	0	0	25	18.631867358865	0
204.25	203.814646470489	0	0	0	25	18.6346006792072	0
204.5	204.064646470489	0	0	0	25	18.6373332202229	0
204.75	204.314646470489	0	0	0	25	18.6400649823073	0
205	204.564646470489	0	0	0	25	18.642795965855	0
205.25	204.814646470489	0	0	0	25	18.6455261712607	0
205.5	205.064646470489	0	0	0	25	18.6482555989184	0
205.75	205.314646470489	0	0	0	25	18.6509842492219	0
206	205.564646470489	0	0	0	25	18.6537121225647	0
206.25	205.814646470489	0	0	0	25	18.6564392193399	0
206.5	206.064646470489	0	0	0	25	18.6591655399404	0
206.75	206.314646470489	0	0	0	25	18.6618910847586	0
207	206.564646470489	0	0	0	25	18.6646158541865	0
207.25	206.814646470489	0	0	0	25	18.6673398486161	0
207.5	207.064646470489	0	0	0	25	18.6700630684388	0
207.75	207.314646470489	0	0	0	25	18.6727855140456	0
208	207.564646470489	0	0	0	25	18.6755071858275	0
208.25	207.814646470489	0	0	0	25	18.6782280841748	0
208.5	208.064646470489	0	0	0	25	18.6809482094778	0
208.75	208.314646470489	0	0	0	25	18.6836675621262	0
209	208.564646470489	0	0	0	25	18.6863861425094	0
209.25	208.814646470489	0	0	0	25	18.6891039510167	0
209.5	209.064646470489	0	0	0	25	18.6918209880369	0
209.75	209.314646470489	0	0	0	25	18.6945372539584	0
210	209.564646470489	0	0	0	25	18.6972527491695	0
210.25	209.814646470489	0	0	0	25	18.6999674740579	0
210.5	210.064646470489	0	0	0	25	18.7026814290111	0
210.75	210.314646470489	0	0	0	25	18.7053946144164	0
211	210.564646470489	0	0	0	25	18.7081070306606	0
211.25	210.814646470489	0	0	0	25	18.7108186781301	0
211.5	211.064646470489	0	0	0	25	18.7135295572113	0
211.75	211.314646470489	0	0	0	25	18.71623966829	0
212	211.564646470489	0	0	0	25	18.7189490117517	0
212.25	211.814646470489	0	0	0	25	18.7216575879817	0
212.5	212.064646470489	0	0	0	25	18.7243653973648	0
212.75	212.314646470489	0	0	0	25	18.7270724402856	0
213	212.564646470489	0	0	0	25	18.7297787171284	0
213.25	212.814646470489	0	0	0	25	18.7324842282772	0
213.5	213.064646470489	0	0	0	25	18.7351889741154	0
213.75	213.314646470489	0	0	0	25	18.7378929550265	0
214	213.564646470489	0	0	0	25	18.7405961713933	0
214.25	213.814646470489	0	0	0	25	18.7432986235985	0
214.5	214.064646470489	0	0	0	25	18.7460003120244	0
214.75	214.314646470489	0	0	0	25	18.7487012370531	0
215	214.564646470489	0	0	0	25	18.7514013990661	0
215.25	214.814646470489	0	0	0	25	18.7541007984449	0
215.5	215.064646470489	0	0	0	25	18.7567994355705	0
215.75	215.314646470489	0	0	0	25	18.7594973108235	0
216	215.564646470489	0	0	0	25	18.7621944245845	0
216.25	215.814646470489	0	0	0	25	18.7648907772334	0
216.5	216.064646470489	0	0	0	25	18.7675863691501	0
216.75	216.314646470489	0	0	0	25	18.770281200714	0
217	216.564646470489	0	0	0	25	18.7729752723042	0
217.25	216.814646470489	0	0	0	25	18.7756685842995	0
217.5	217.064646470489	0	0	0	25	18.7783611370784	0
217.75	217.314646470489	0	0	0	25	18.7810529310191	0
218	217.564646470489	0	0	0	25	18.7837439664994	0
218.25	217.814646470489	0	0	0	25	18.786434243897	0
218.5	218.064646470489	0	0	0	25	18.7891237635889	0
218.75	218.314646470489	0	0	0	25	18.7918125259522	0
219	218.564646470489	0	0	0	25	18.7945005313634	0
219.25	218.814646470489	0	0	0	25	18.7971877801989	0
219.5	219.064646470489	0	0	0	25	18.7998742728345	0
219.75	219.314646470489	0	0	0	25	18.802560009646	0
220	219.564646470489	0	0	0	25	18.8052449910087	0
220.25	219.814646470489	0	0	0	25	18.8079292172977	0
220.5	220.064646470489	0	0	0	25	18.8106126888876	0
220.75	220.314646470489	0	0	0	25	18.8132954061528	0
221	220.564646470489	0	0	0	25	18.8159773694675	0
221.25	220.814646470489	0	0	0	25	18.8186585792055	0
221.5	221.064646470489	0	0	0	25	18.8213390357402	0
221.75	221.314646470489	0	0	0	25	18.8240187394448	0
222	221.564646470489	0	0	0	25	18.8266976906921	0
222.25	221.814646470489	0	0	0	25	18.8293758898548	0
222.5	222.064646470489	0	0	0	25	18.832053337305	0
222.75	222.314646470489	0	0	0	25	18.8347300334146	0
223	222.564646470489	0	0	0	25	18.8374059785553	0
223.25	222.814646470489	0	0	0	25	18.8400811730985	0
223.5	223.064646470489	0	0	0	25	18.842755617415	0
223.75	223.314646470489	0	0	0	25	18.8454293118756	0
224	223.564646470489	0	0	0	25	18.8481022568508	0
224.25	223.814646470489	0	0	0	25	18.8507744527105	0
224.5	224.064646470489	0	0	0	25	18.8534458998245	0
224.75	224.314646470489	0	0	0	25	18.8561165985624	0
225	224.564646470489	0	0	0	25	18.8587865492933	0
225.25	224.814646470489	0	0	0	25	18.861455752386	0
225.5	225.064646470489	0	0	0	25	18.8641242082091	0
225.75	225.314646470489	0	0	0	25	18.8667919171309	0
226	225.564646470489	0	0	0	25	18.8694588795193	0
226.25	225.814646470489	0	0	0	25	18.8721250957419	0
226.5	226.064646470489	0	0	0	25	18.8747905661662	0
226.75	226.314646470489	0	0	0	25	18.8774552911591	0
227	226.564646470489	0	0	0	25	18.8801192710873	0
227.25	226.814646470489	0	0	0	25	18.8827825063173	0
227.5	227.064646470489	0	0	0	25	18.8854449972153	0
227.75	227.314646470489	0	0	0	25	18.888106744147	0
228	227.564646470489	0	0	0	25	18.890767747478	0
228.25	227.814646470489	0	0	0	25	18.8934280075736	0
228.5	228.064646470489	0	0	0	25	18.8960875247986	0
228.75	228.314646470489	0	0	0	25	18.8987462995176	0
229	228.564646470489	0	0	0	25	18.901404332095	0
229.25	228.814646470489	0	0	0	25	18.9040616228949	0
229.5	229.064646470489	0	0	0	25	18.9067181722809	0
229.75	229.314646470489	0	0	0	25	18.9093739806165	0
230	229.564646470489	0	0	0	25	18.9120290482648	0
230.25	229.814646470489	0	0	0	25	18.9146833755887	0
230.5	230.064646470489	0	0	0	25	18.9173369629506	0
230.75	230.314646470489	0	0	0	25	18.9199898107129	0
231	230.564646470489	0	0	0	25	18.9226419192375	0
231.25	230.814646470489	0	0	0	25	18.9252932888859	0
231.5	231.064646470489	0	0	0	25	18.9279439200196	0
231.75	231.314646470489	0	0	0	25	18.9305938129996	0
232	231.564646470489	0	0	0	25	18.9332429681867	0
232.25	231.814646470489	0	0	0	25	18.9358913859414	0
232.5	232.064646470489	0	0	0	25	18.9385390666237	0
232.75	232.314646470489	0	0	0	25	18.9411860105936	0
233	232.564646470489	0	0	0	25	18.9438322182106	0
233.25	232.814646470489	0	0	0	25	18.9464776898341	0
233.5	233.064646470489	0	0	0	25	18.949122425823	0
233.75	233.314646470489	0	0	0	25	18.9517664265361	0
234	233.564646470489	0	0	0	25	18.9544096923317	0
234.25	233.814646470489	0	0	0	25	18.9570522235679	0
234.5	234.064646470489	0	0	0	25	18.9596940206026	0
234.75	234.314646470489	0	0	0	25	18.9623350837933	0
235	234.564646470489	0	0	0	25	18.9649754134973	0
235.25	234.814646470489	0	0	0	25	18.9676150100714	0
235.5	235.064646470489	0	0	0	25	18.9702538738723	0
235.75	235.314646470489	0	0	0	25	18.9728920052565	0
236	235.564646470489	0	0	0	25	18.97552940458	0
236.25	235.814646470489	0	0	0	25	18.9781660721985	0
236.5	236.064646470489	0	0	0	25	18.9808020084676	0
236.75	236.314646470489	0	0	0	25	18.9834372137424	0
237	236.564646470489	0	0	0	25	18.986071688378	0
237.25	236.814646470489	0	0	0	25	18.9887054327289	0
237.5	237.064646470489	0	0	0	25	18.9913384471494	0
237.75	237.314646470489	0	0	0	25	18.9939707319937	0
238	237.564646470489	0	0	0	25	18.9966022876154	0
238.25	237.814646470489	0	0	0	25	18.9992331143682	0
238.5	238.064646470489	0	0	0	25	19.0018632126051	0
238.75	238.314646470489	0	0	0	25	19.004492582679	0
239	238.564646470489	0	0	0	25	19.0071212249427	0
239.25	238.814646470489	0	0	0	25	19.0097491397484	0
239.5	239.064646470489	0	0	0	25	19.0123763274482	0
239.75	239.314646470489	0	0	0	25	19.0150027883939	0
240	239.564646470489	0	0	0	25	19.0176285229368	0
240.25	239.814646470489	0	0	0	25	19.0202535314283	0
240.5	240.064646470489	0	0	0	25	19.0228778142193	0
240.75	240.314646470489	0	0	0	25	19.0255013716603	0
241	240.564646470489	0	0	0	25	19.0281242041017	0
241.25	240.814646470489	0	0	0	25	19.0307463118937	0
241.5	241.064646470489	0	0	0	25	19.0333676953858	0
241.75	241.314646470489	0	0	0	25	19.0359883549278	0
242	241.564646470489	0	0	0	25	19.0386082908687	0
242.25	241.814646470489	0	0	0	25	19.0412275035576	0
242.5	242.064646470489	0	0	0	25	19.043845993343	0
242.75	242.314646470489	0	0	0	25	19.0464637605733	0
243	242.564646470489	0	0	0	25	19.0490808055967	0
243.25	242.814646470489	0	0	0	25	19.0516971287609	0
243.5	243.064646470489	0	0	0	25	19.0543127304135	0
243.75	243.314646470489	0	0	0	25	19.0569276109017	0
244	243.564646470489	0	0	0	25	19.0595417705725	0
244.25	243.814646470489	0	0	0	25	19.0621552097726	0
244.5	244.064646470489	0	0	0	25	19.0647679288484	0
244.75	244.314646470489	0	0	0	25	19.067379928146	0
245	244.564646470489	0	0	0	25	19.0699912080113	0
245.25	244.814646470489	0	0	0	25	19.0726017687899	0
245.5	245.064646470489	0	0	0	25	19.0752116108271	0
245.75	245.314646470489	0	0	0	25	19.0778207344679	0
246	245.564646470489	0	0	0	25	19.080429140057	0
246.25	245.814646470489	0	0	0	25	19.083036827939	0
246.5	246.064646470489	0	0	0	25	19.0856437984579	0
246.75	246.314646470489	0	0	0	25	19.0882500519578	0
247	246.564646470489	0	0	0	25	19.0908555887823	0
247.25	246.814646470489	0	0	0	25	19.0934604092748	0
247.5	247.064646470489	0	0	0	25	19.0960645137783	0
247.75	247.314646470489	0	0	0	25	19.0986679026357	0
248	247.564646470489	0	0	0	25	19.1012705761894	0
248.25	247.814646470489	0	0	0	25	19.1038725347819	0
248.5	248.064646470489	0	0	0	25	19.106473778755	0
248.75	248.314646470489	0	0	0	25	19.1090743084506	0
249	248.564646470489	0	0	0	25	19.11167412421	0
249.25	248.814646470489	0	0	0	25	19.1142732263744	0
249.5	249.064646470489	0	0	0	25	19.1168716152848	0
249.75	249.314646470489	0	0	0	25	19.1194692912817	0
250	249.564646470489	0	0	0	25	19.1220662547056	0
250.25	249.814646470489	0	0	0	25	19.1246625058965	0
250.5	250.064646470489	0	0	0	25	19.1272580451943	0
250.75	250.314646470489	0	0	0	25	19.1298528729385	0
251	250.564646470489	0	0	0	25	19.1324469894683	0
251.25	250.814646470489	0	0	0	25	19.1350403951228	0
251.5	251.064646470489	0	0	0	25	19.1376330902408	0
251.75	251.314646470489	0	0	0	25	19.1402250751606	0
252	251.564646470489	0	0	0	25	19.1428163502206	0
252.25	251.814646470489	0	0	0	25	19.1454069157585	0
252.5	252.064646470489	0	0	0	25	19.1479967721122	0
252.75	252.314646470489	0	0	0	25	19.1505859196189	0
253	252.564646470489	0	0	0	25	19.1531743586158	0
253.25	252.814646470489	0	0	0	25	19.1557620894398	0
253.5	253.064646470489	0	0	0	25	19.1583491124274	0
253.75	253.314646470489	0	0	0	25	19.160935427915	0
254	253.564646470489	0	0	0	25	19.1635210362387	0
254.25	253.814646470489	0	0	0	25	19.1661059377342	0
254.5	254.064646470489	0	0	0	25	19.168690132737	0
254.75	254.314646470489	0	0	0	25	19.1712736215824	0
255	254.564646470489	0	0	0	25	19.1738564046054	0
255.25	254.814646470489	0	0	0	25	19.1764384821407	0
255.5	255.064646470489	0	0	0	25	19.1790198545228	0
255.75	255.314646470489	0	0	0	25	19.1816005220859	0
256	255.564646470489	0	0	0	25	19.184180485164	0
256.25	255.81464647049	0	0	0	25	19.1867597440905	0
256.5	256.06464647049	0	0	0	25	19.1893382991991	0
256.75	256.31464647049	0	0	0	25	19.1919161508228	0
257	256.56464647049	0	0	0	25	19.1944932992946	0
257.25	256.81464647049	0	0	0	25	19.1970697449469	0
257.5	257.06464647049	0	0	0	25	19.1996454881122	0
257.75	257.31464647049	0	0	0	25	19.2022205291226	0
258	257.56464647049	0	0	0	25	19.2047948683099	0
258.25	257.81464647049	0	0	0	25	19.2073685060057	0
258.5	258.06464647049	0	0	0	25	19.2099414425412	0
258.75	258.31464647049	0	0	0	25	19.2125136782475	0
259	258.56464647049	0	0	0	25	19.2150852134554	0
259.25	258.81464647049	0	0	0	25	19.2176560484955	0
259.5	259.06464647049	0	0	0	25	19.2202261836979	0
259.75	259.31464647049	0	0	0	25	19.2227956193927	0
260	259.56464647049	0	0	0	25	19.2253643559097	0
260.25	259.81464647049	0	0	0	25	19.2279323935782	0
260.5	260.06464647049	0	0	0	25	19.2304997327276	0
260.75	260.31464647049	0	0	0	25	19.2330663736868	0
261	260.56464647049	0	0	0	25	19.2356323167845	0
261.25	260.81464647049	0	0	0	25	19.2381975623491	0
261.5	261.06464647049	0	0	0	25	19.240762110709	0
261.75	261.31464647049	0	0	0	25	19.2433259621919	0
262	261.56464647049	0	0	0	25	19.2458891171255	0
262.25	261.81464647049	0	0	0	25	19.2484515758374	0
262.5	262.06464647049	0	0	0	25	19.2510133386546	0
262.75	262.31464647049	0	0	0	25	19.253574405904	0
263	262.56464647049	0	0	0	25	19.2561347779124	0
263.25	262.81464647049	0	0	0	25	19.258694455006	0
263.5	263.06464647049	0	0	0	25	19.2612534375111	0
263.75	263.31464647049	0	0	0	25	19.2638117257535	0
264	263.56464647049	0	0	0	25	19.2663693200589	0
264.25	263.81464647049	0	0	0	25	19.2689262207526	0
264.5	264.06464647049	0	0	0	25	19.2714824281597	0
264.75	264.31464647049	0	0	0	25	19.2740379426051	0
265	264.56464647049	0	0	0	25	19.2765927644135	0
265.25	264.81464647049	0	0	0	25	19.2791468939092	0
265.5	265.06464647049	0	0	0	25	19.2817003314162	0
265.75	265.31464647049	0	0	0	25	19.2842530772585	0
266	265.56464647049	0	0	0	25	19.2868051317596	0
266.25	265.81464647049	0	0	0	25	19.2893564952429	0
266.5	266.06464647049	0	0	0	25	19.2919071680315	0
266.75	266.31464647049	0	0	0	25	19.2944571504483	0
267	266.56464647049	0	0	0	25	19.2970064428157	0
267.25	266.81464647049	0	0	0	25	19.2995550454562	0
267.5	267.06464647049	0	0	0	25	19.3021029586918	0
267.75	267.31464647049	0	0	0	25	19.3046501828445	0
268	267.56464647049	0	0	0	25	19.3071967182357	0
268.25	267.81464647049	0	0	0	25	19.3097425651868	0
268.5	268.06464647049	0	0	0	25	19.3122877240189	0
268.75	268.31464647049	0	0	0	25	19.3148321950529	0
269	268.56464647049	0	0	0	25	19.3173759786093	0
269.25	268.81464647049	0	0	0	25	19.3199190750085	0
269.5	269.06464647049	0	0	0	25	19.3224614845705	0
269.75	269.31464647049	0	0	0	25	19.3250032076152	0
270	269.56464647049	0	0	0	25	19.3275442444623	0
270.25	269.81464647049	0	0	0	25	19.330084595431	0
270.5	270.06464647049	0	0	0	25	19.3326242608404	0
270.75	270.31464647049	0	0	0	25	19.3351632410095	0
271	270.56464647049	0	0	0	25	19.3377015362567	0
271.25	270.81464647049	0	0	0	25	19.3402391469006	0
271.5	271.06464647049	0	0	0	25	19.3427760732591	0
271.75	271.31464647049	0	0	0	25	19.3453123156501	0
272	271.56464647049	0	0	0	25	19.3478478743913	0
272.25	271.81464647049	0	0	0	25	19.3503827498001	0
272.5	272.06464647049	0	0	0	25	19.3529169421935	0
272.75	272.31464647049	0	0	0	25	19.3554504518884	0
273	272.56464647049	0	0	0	25	19.3579832792016	0
273.25	272.81464647049	0	0	0	25	19.3605154244493	0
273.5	273.06464647049	0	0	0	25	19.3630468879478	0
273.75	273.31464647049	0	0	0	25	19.3655776700129	0
274	273.56464647049	0	0	0	25	19.3681077709603	0
274.25	273.81464647049	0	0	0	25	19.3706371911055	0
274.5	274.06464647049	0	0	0	25	19.3731659307635	0
274.75	274.31464647049	0	0	0	25	19.3756939902493	0
275	274.56464647049	0	0	0	25	19.3782213698777	0
275.25	274.81464647049	0	0	0	25	19.380748069963	0
275.5	275.06464647049	0	0	0	25	19.3832740908195	0
275.75	275.31464647049	0	0	0	25	19.3857994327611	0
276	275.56464647049	0	0	0	25	19.3883240961016	0
276.25	275.81464647049	0	0	0	25	19.3908480811544	0
276.5	276.06464647049	0	0	0	25	19.3933713882328	0
276.75	276.31464647049	0	0	0	25	19.3958940176498	0
277	276.56464647049	0	0	0	25	19.398415969718	0
277.25	276.81464647049	0	0	0	25	19.4009372447502	0
277.5	277.06464647049	0	0	0	25	19.4034578430584	0
277.75	277.31464647049	0	0	0	25	19.4059777649548	0
278	277.56464647049	0	0	0	25	19.4084970107512	0
278.25	277.81464647049	0	0	0	25	19.411015580759	0
278.5	278.06464647049	0	0	0	25	19.4135334752897	0
278.75	278.31464647049	0	0	0	25	19.4160506946544	0
279	278.56464647049	0	0	0	25	19.4185672391637	0
279.25	278.81464647049	0	0	0	25	19.4210831091285	0
279.5	279.06464647049	0	0	0	25	19.423598304859	0
279.75	279.31464647049	0	0	0	25	19.4261128266653	0
280	279.56464647049	0	0	0	25	19.4286266748574	0
280.25	279.81464647049	0	0	0	25	19.4311398497449	0
280.5	280.06464647049	0	0	0	25	19.4336523516372	0
280.75	280.31464647049	0	0	0	25	19.4361641808435	0
281	280.56464647049	0	0	0	25	19.4386753376728	0
281.25	280.81464647049	0	0	0	25	19.4411858224337	0
281.5	281.06464647049	0	0	0	25	19.4436956354347	0
281.75	281.31464647049	0	0	0	25	19.4462047769842	0
282	281.56464647049	0	0	0	25	19.4487132473899	0
282.25	281.81464647049	0	0	0	25	19.4512210469599	0
282.5	282.06464647049	0	0	0	25	19.4537281760015	0
282.75	282.31464647049	0	0	0	25	19.456234634822	0
283	282.56464647049	0	0	0	25	19.4587404237286	0
283.25	282.81464647049	0	0	0	25	19.461245543028	0
283.5	283.06464647049	0	0	0	25	19.4637499930269	0
283.75	283.31464647049	0	0	0	25	19.4662537740316	0
284	283.56464647049	0	0	0	25	19.4687568863483	0
284.25	283.81464647049	0	0	0	25	19.4712593302828	0
284.5	284.06464647049	0	0	0	25	19.4737611061408	0
284.75	284.31464647049	0	0	0	25	19.4762622142277	0
285	284.56464647049	0	0	0	25	19.4787626548487	0
285.25	284.81464647049	0	0	0	25	19.4812624283089	0
285.5	285.06464647049	0	0	0	25	19.4837615349129	0
285.75	285.31464647049	0	0	0	25	19.4862599749652	0
286	285.56464647049	0	0	0	25	19.4887577487701	0
286.25	285.81464647049	0	0	0	25	19.4912548566317	0
286.5	286.06464647049	0	0	0	25	19.4937512988538	0
286.75	286.31464647049	0	0	0	25	19.4962470757398	0
287	286.56464647049	0	0	0	25	19.4987421875933	0
287.25	286.81464647049	0	0	0	25	19.5012366347173	0
287.5	287.06464647049	0	0	0	25	19.5037304174147	0
287.75	287.31464647049	0	0	0	25	19.5062235359881	0
288	287.56464647049	0	0	0	25	19.5087159907401	0
288.25	287.81464647049	0	0	0	25	19.5112077819727	0
288.5	288.06464647049	0	0	0	25	19.513698909988	0
288.75	288.31464647049	0	0	0	25	19.5161893750877	0
289	288.56464647049	0	0	0	25	19.5186791775733	0
289.25	288.81464647049	0	0	0	25	19.5211683177462	0
289.5	289.06464647049	0	0	0	25	19.5236567959073	0
289.75	289.31464647049	0	0	0	25	19.5261446123576	0
290	289.56464647049	0	0	0	25	19.5286317673976	0
290.25	289.81464647049	0	0	0	25	19.5311182613277	0
290.5	290.06464647049	0	0	0	25	19.533604094448	0
290.75	290.31464647049	0	0	0	25	19.5360892670586	0
291	290.56464647049	0	0	0	25	19.538573779459	0
291.25	290.81464647049	0	0	0	25	19.5410576319488	0
291.5	291.06464647049	0	0	0	25	19.5435408248272	0
291.75	291.31464647049	0	0	0	25	19.5460233583932	0
292	291.56464647049	0	0	0	25	19.5485052329456	0
292.25	291.81464647049	0	0	0	25	19.5509864487831	0
292.5	292.06464647049	0	0	0	25	19.5534670062039	0
292.75	292.31464647049	0	0	0	25	19.5559469055062	0
293	292.56464647049	0	0	0	25	19.5584261469879	0
293.25	292.81464647049	0	0	0	25	19.5609047309466	0
293.5	293.06464647049	0	0	0	25	19.5633826576799	0
293.75	293.31464647049	0	0	0	25	19.5658599274848	0
294	293.56464647049	0	0	0	25	19.5683365406585	0
294.25	293.81464647049	0	0	0	25	19.5708124974978	0
294.5	294.06464647049	0	0	0	25	19.5732877982991	0
294.75	294.31464647049	0	0	0	25	19.5757624433588	0
295	294.56464647049	0	0	0	25	19.5782364329731	0
295.25	294.81464647049	0	0	0	25	19.5807097674378	0
295.5	295.06464647049	0	0	0	25	19.5831824470486	0
295.75	295.31464647049	0	0	0	25	19.5856544721009	0
296	295.56464647049	0	0	0	25	19.58812584289	0
296.25	295.81464647049	0	0	0	25	19.5905965597109	0
296.5	296.06464647049	0	0	0	25	19.5930666228584	0
296.75	296.31464647049	0	0	0	25	19.595536032627	0
297	296.56464647049	0	0	0	25	19.5980047893111	0
297.25	296.81464647049	0	0	0	25	19.6004728932048	0
297.5	297.06464647049	0	0	0	25	19.602940344602	0
297.75	297.31464647049	0	0	0	25	19.6054071437964	0
298	297.56464647049	0	0	0	25	19.6078732910814	0
298.25	297.81464647049	0	0	0	25	19.6103387867504	0
298.5	298.06464647049	0	0	0	25	19.6128036310962	0
298.75	298.31464647049	0	0	0	25	19.6152678244119	0
299	298.56464647049	0	0	0	25	19.6177313669898	0
299.25	298.81464647049	0	0	0	25	19.6201942591225	0
299.5	299.06464647049	0	0	0	25	19.622656501102	0
299.75	299.31464647049	0	0	0	25	19.6251180932203	0
300	299.56464647049	0	0	0	25	19.6275790357692	0
300.25	299.81464647049	0	0	0	25	19.63003932904	0
